职位,城市,公司,学历,经验,技能,薪资,工作描述,行业,职位URL,公司规模,发布时间
全案设计总监,成都,四川迎春花科技有限公司,大专,5-10年,"SKetch,3D MAX,Sketchup",3-6万,主要职责：带领团队专业高效完成别墅客户设计交付落地全流程工作岗位要求：1、专业设计水平过硬：有8年以上专业设计公司的工作经验、500平方米及以上大宅的多套设计落地案例、具有含金量的国际国内奖项或者有传统中式美学案例经验优先——划重点2、热爱中国传统文化，喜爱中国传统建筑园林及中式审美水平较高；3、懂建筑结构、材料、软装，和具备较强的沟通协调能力和踏实的落地服务态度4、具有持续学习能力与设计创新能力...,建筑设计,http://jobs.zhaopin.com/CCL1294028550J40756666612.htm,20-99人,2025-06-18 16:42:31
矿山设计院院长,成都,首森勘察设计有限公司,本科,10年以上,,3-5万,岗位职责： 1. 负责矿山设计院的全面管理工作，确保设计院运营高效、顺畅。 2. 制定和实施设计院的发展规划、年度工作计划和目标。 3. 负责设计项目的质量控制和进度管理，确保项目按时按质完成。 4. 统筹院内技术资源，提升设计院的技术创新能力和核心竞争力。 5. 维护和开拓客户关系，提高客户满意度。 岗位要求:1. 矿山设计、工程管理等相关专业本科及以上学历，高级职称。 2. 10年以上矿山设计...,工程技术与设计服务,http://jobs.zhaopin.com/CCL1477269490J40751168605.htm,20-99人,2025-09-05 15:29:46
游戏美术主美/资深/专家岗,成都,成都夏尔天逸科技有限公司,大专,5-10年,"动作设计,角色设计,场景设计,3D设计,主美,原画,次世代,地编",2.5-5万,除了原画角色以外，次世代角色、场景；动画；特效；皆有主美需求岗位职责：1、根据项目策划案需求，快速通过2d草图或者3D辅助概念有效地传达视觉创意。绘制游戏角色原画高标准风格，擅风写实硬表面风格；2、与3D建模师和动画师紧密合作，提供角色设计的细节参考，确保最终效果符合设计预期；与主美及制作人紧密合作，高质、高效的完成角色概念设计；3、短时间内提出多个设计方案，独立完成高品质的人设和立绘，跟进后续流...,游戏,http://jobs.zhaopin.com/CC710909920J40802345613.htm,1000-9999人,2025-07-21 17:23:08
（海外）设计经理(J12868),成都,四川杰瑞恒日天然气工程有限公司,本科,经验不限,"油气化工,EPC项目设计,海外项目经验",2-3.5万,岗位职责: 1.设计经理是设计控制的第一责任人，在项目经理的领导下负责组织、指导和协调项目的设计工作，对项目实施中的设计进度、设计费用（设计人工时）和设计质量负责； 2.负责代表公司直接与用户（业主）、专利商、供货商洽谈和处理设计问题或技术问题； 3.负责与业主、设计分包单位以及项目各部门/专业之间的联络和协调； 4.负责组织实施各阶段设计策划、评审、验证、会签等工作，贯彻公司体系文件要求，并进行...,石油/石化,http://jobs.zhaopin.com/CC468825680J40800869209.htm,100-299人,2025-12-30 16:54:53
集团企划空间形象与美陈规划总监-W人集团总部,成都,成都建国汽车贸易有限公司,本科,5-10年,"地产,酒店,企划",2.5-3.5万,加入行业巨擎，执掌百店美学与未来园区蓝图！东创建国汽车集团，中国西南地区领先的汽车经销商集团，坐拥 30+个国际知名汽车品牌代理权，运营 300+ 家高标准4S店及服务网点，业务持续扩张中！现因集团战略升级与大型汽车产业园区规划建设需要，特聘一位深谙品牌空间美学与商业动线规划的领军人物。您将主导的核心战场1. 全集团门店形象标准化与卓越呈现：权威专家： 深度解读并精准把控各合作汽车品牌厂家（如：奔...,汽车4S店/经销商,http://jobs.zhaopin.com/CC120958960J40827814114.htm,10000人以上,2025-12-30 10:07:55
游戏场景主美/场景美术Leader,成都,成都夏尔天逸科技有限公司,本科,3-5年,"场景设计,3D设计,UE4,Maya,3D MAX,PS,Zbrush,场景概念设计,关卡地编,游戏美术",3-5万·13薪,职位描述负责游戏场景美术团队（原画/3D地编/关卡环境）的创作管理与技术指导，主导场景风格制定及品质把控。根据项目需求，统筹场景原画概念设计、次世代场景资源制作、关卡环境搭建全流程，确保美术与玩法高度融合。制定场景美术规范与技术标准（如PBR流程、地形编辑、灯光氛围、Shader效果等），优化生产管线。协同策划、程序、TA等部门，解决场景相关的技术难题（如性能优化、LOD策略、开放世界流式加载等）...,游戏,http://jobs.zhaopin.com/CC710909920J40799607113.htm,1000-9999人,2025-07-15 10:32:56
设计管理部副部长,成都,中国化学工程第七建设有限公司,本科,5-10年,,3-3.5万,职责描述：1.协助部长完成部门工作计划，进行制度及流程建设、运行及管理，协助部长进行本部门内部管理，协助部长对部门员工工作进行监督、检查、指导和考核。2.负责部门设计业务对接、市场开拓和资源维护具体工作的组织与实施。3.负责项目合规评价、设计项目的预审及立项、初步经济评价、项目投标的公司内部协同等专项工作的组织与实施。4.协助部长完成专业技术资源及设计人力资源的配置。5.协助部长开展项目前期咨询、...,工程施工,http://jobs.zhaopin.com/CC224012120J40834089412.htm,1000-9999人,2025-12-04 18:00:30
空间设计总监（企业文化设计与呈现）,成都,成都建国汽车贸易有限公司,本科,5-10年,"视觉设计,CorelDRAW,3D MAX,空间打造,美陈设计,企业文化落地,商业空间设计",2-3万,一、岗位职责：1. 全集团门店形象标准化与卓越呈现：权威专家： 深度解读并精准把控各合作汽车品牌厂家（如：奔驰、宝马、奥迪、大众、通用等）的 CI/VI/SI 标准规范，确保其在所有门店的100%高标准落地。软装&IVI总控： 全面负责全国所有4S店、城市展厅、售后中心的软装设计、氛围营造、形象与识别（IVI）系统的规划、执行与验收，打造极致品牌体验空间。标准制定者： 建立并持续优化集团层面的《门...,汽车4S店/经销商,http://jobs.zhaopin.com/CC120958960J40835166214.htm,10000人以上,2026-01-06 10:39:47
SD材质美术师-leader岗,成都,成都夏尔天逸科技有限公司,大专,5-10年,"SD材质师,SD材质",2.5-3.5万·13薪,岗位职责：1、负责建立、并持续优化公司的Substance Designer材质制作流程、规范与质量标准。2、构建和维护公司的核心材质库、智能材质模板与函数库，提升材质资产的复用性和生产效率。3、定期组织内部技术分享与系统化培训，提升团队整体材质表现力和技术解决能力，培养后备人才。4、参与项目前期关于SD材质的技术评估，能精准理解项目材质的复杂需求（如风格化、写实风、程序化生成等）。针对高难度的材...,游戏,http://jobs.zhaopin.com/CC710909920J40838644313.htm,1000-9999人,2025-11-03 15:07:33
建筑设计总监/经理,成都,四川省清凤现代房地产开发有限责任公司,本科,10年以上,CAD,2-3万,1、负责与设计单位的联络、沟通，完善和优化设计方案，推出符合市场需求的产品并负责建立公司系列化产品的技术标准；2、负责管理、优化、审核各阶段、各类别设计方案，把握设计方案，控制设计各过程（规划、建筑、园林、装修）的设计、实施效果；3、跟踪新型建筑材料、建筑设备发展动态，参与设计材料的选定及产品标准化工作，审核并控制项目成本；4、负责建立并完善公司项目工程管理的各类工作指引及工程技术标准，与各部门协...,房地产开发,http://jobs.zhaopin.com/CC605302520J40647292606.htm,500-999人,2025-03-01 23:28:51
集团企划总（空间美学设计方向）,成都,成都建国汽车贸易有限公司,本科,5-10年,"视觉设计,公共艺术设计,企业文化",2-3万,企划总（空间美学设计方向）一、岗位职责：1. 全集团门店形象标准化与卓越呈现：权威专家： 深度解读并精准把控各合作汽车品牌厂家（如：奔驰、宝马、奥迪、大众、通用等）的 CI/VI/SI 标准规范，确保其在所有门店的100%高标准落地。软装&IVI总控： 全面负责全国所有4S店、城市展厅、售后中心的软装设计、氛围营造、形象与识别（IVI）系统的规划、执行与验收，打造极致品牌体验空间。标准制定者： 建...,汽车4S店/经销商,http://jobs.zhaopin.com/CC120958960J40827807014.htm,10000人以上,2025-12-25 09:29:40
高级/资深地编美术师,成都,成都夏尔天逸科技有限公司,大专,5-10年,"场景设计,UE4,U3D",2-3万·13薪,工作内容：1、根据项目需求，负责游戏中场景区域的设计、建筑与关卡的组合、摆放等。2、配合实现游戏所需要的效果，并进行资源整合、优化，提高产品质量。岗位要求：1、5年以上大型项目地编或关卡设计经验；2、熟悉U3D、UE等游戏引擎，熟悉游戏地图编辑器功能并能使用其制作游戏地图，熟练各类插件的使用；3、审美能力强，能够很好地展现场景效果与气氛，擅长3D类型的地图场景设计及编辑，构建并编辑场景；4、对环境...,游戏,http://jobs.zhaopin.com/CC710909920J40755238913.htm,1000-9999人,2025-09-22 11:22:33
非标设计总监,成都,环诚智能装备(成都)有限公司,大专,10年以上,,1.8-2.8万,岗位职责：1、负责组织制订和实施本部门年度工作计划，完成年度工作任务目标；2、负责拟定本部门资金预算，上报公司批准后执行；3、负责主持项目可行性分析工作并出具可行性分析报告；4、负责指导、审核项目机械技术方案，对各项目的机械系统质量进行控制；5、负责协调与统筹各项资源，确保以最佳成本、进度和质量完成各项目；6、定期了解行业、市场、竞争对手和客户的发展变化，收集行业最新技术信息；7、与客户进行技术交...,专用设备制造,http://jobs.zhaopin.com/CCL1418839150J40818949507.htm,20-99人,2026-01-11 00:08:41
成都-室内装饰设计总监,成都,洲宇科技集团股份有限公司,本科,5-10年,"PS,Sketchup,3D MAX",1.5-2.5万,岗位职责：1、牵头对接甲方核心决策层，深度解读甲方商业目标与品牌诉求，精准定位项目核心价值，制定匹配项目定位的整体设计策略。2、全流程把控项目设计质量与进度，从概念设计、方案深化，解决设计落地中的关键技术难题，对项目最终呈现效果与甲方满意度负责。3、统筹设计部门工作分配，根据团队成员专业优势合理划分项目组，协调部门内外部资源，确保项目高效推进。4、主导设计方法论迭代，总结大型项目成功经验，形成可复...,房地产开发,http://jobs.zhaopin.com/CC629019080J40820074311.htm,1000-9999人,2026-01-09 18:15:38
次世代场景美术设计师,成都,成都夏尔天逸科技有限公司,大专,1-3年,"场景设计,3D MAX,Maya,UE4,Zbrush,次世代,PBR,模型,SP,次时代",1.5-3万·13薪,职位描述 工作职责： 负责大型3D次时代项目的场景模型和贴图制作； 岗位要求： 1、美术或游戏设计相关专业毕业，专科以上学历； 2、1年以上大型次世代游戏项目经验，具备丰富的项目制作经验，参与过3A级项目制作优先； 3、熟练使用3d制作软件，熟悉PBR制作流程； 4、做事认真细致，精益求精，责任心强，具有良好的学习能力，能够不断专研以解决美术表现问题。,游戏,http://jobs.zhaopin.com/CC710909920J40795478413.htm,1000-9999人,2025-09-15 16:41:15
设计总监(年薪20-30w）,成都,成都章鱼圈科技服务有限公司,大专,5-10年,包装设计,1.6-2.5万,一、开场白：这不是一份JD，是一张导演椅我们正在寻找的，不是“做图的人”，而是能用视觉重塑世界逻辑的叙事者。如果你相信设计是商业的战略语言，是情感的隐藏算法，是跨越理性的直觉革命——请坐下，这个位置需要你的名字。二、主角定义：你要扮演的三种超维角色1. 感官架构师o 拆解数据、策略与人性，编织成可触摸的视觉体系o 在用户0.1秒的直觉决策中，植入品牌的记忆基因2. 冲突导演o 平衡商业目标与美学偏...,烟草/酒业,http://jobs.zhaopin.com/CCL1348645150J40835551105.htm,100-299人,2025-12-29 10:43:56
研发设计中心总监,成都,四川圣山白玉兰实业有限公司,本科,5-10年,,2-2.5万,一、岗位职责 1.制定设计策略和目标：设计研发总监负责制定并传达公司的设计策略和目标，确保设计团队了解并贯彻这些目标。他们需要了解消费者需求和市场趋势，以制定合适的设计方向，使公司在激烈的竞争中保持竞争力。 2.管理设计团队：设计研发总监负责招聘、培训和管理设计团队的成员。他们需要评估团队成员的技能和能力，确保团队的协作和效率。此外，他们还需要提供指导和反馈，促进设计团队的个人和职业发展。 3.制...,零售/批发,http://jobs.zhaopin.com/CC298846830J40817991214.htm,300-499人,2025-12-23 16:46:17
资深/高级次世代场景美术师,成都,成都夏尔天逸科技有限公司,大专,3-5年,"3D MAX,Zbrush,SD",1.3-2.6万,专业技能：1、熟练使用 Blender/Maya/3ds Max（至少精通其一）+ ZBrush 高模雕刻2、掌握 Substance Painter 全流程材质制作，熟悉PBR流程3、具备 Unity/Unreal Engine 场景搭建经验，了解LOD、光照烘焙等性能优化团队与审核：1、2-3年以上游戏场景制作经验，有 主导过1款完整上线项目 的场景美术经历，具备 3人以上团队管理经验，能制定...,游戏,http://jobs.zhaopin.com/CC710909920J40779548313.htm,1000-9999人,2025-09-05 15:57:59
视觉设计经理,成都,天味食品,本科,3-5年,"视觉设计,设计经理",面议,职责描述：一、品牌视觉战略规划与建设1、依据公司战略目标与品牌定位，制定品牌视觉战略规划，构建并维护品牌视觉识别体系，持续提升品牌市场辨识度与美誉度，增强品牌资产价值。2、制定各类品牌资产的验收、应用标准，明确品牌视觉资产应用的管理制度，组织品牌人员的技能培训，确保在各类媒介与产品应用中品牌形象的高度一致性、独特性与卓越性。 3、按季度走访终端市场，收集本品和竞品的相关数据并对数据解析分析，参与品...,快速消费品,http://jobs.zhaopin.com/CC120992230J40750231916.htm,1000-9999人,2025-09-21 00:00:21
次时代场景美术师组长,成都,成都麟动科技,大专,3-5年,"模型制作,写实,游戏场景",1.2-2.4万,岗位职责：1.负责次世代3D场景模型、贴图制作；2.负责游戏景观搭建氛围营造；3.负责外包资源的审核以及外包团队的培养；4.负责游戏中3D场景资源的风格统一和资源修改；5.负责游戏资源输出，场景整合和美术效果把控。任职要求：1.具备3年以上次世代场景或者大场景制作经验，能熟练使用Unreal引擎；2.造型能力强，色彩突出，注重场景物件塑造，具有丰富手绘制作工地；3.美术功底扎实，熟练制作多边形物体...,互联网,http://jobs.zhaopin.com/CC658368720J40701287316.htm,100-299人,2025-05-14 00:00:06
设计经理（成都）,成都,鹏瑞利(上海)商业管理有限公司,本科,1-3年,,1.5-2.1万,岗位职责：1. 负责组织项目产品的设计研发，负责项目公司设计规划工作；2. 负责组织项目公司及咨询公司完成概念规划设计、总体规划设计、园林景观设计等，并审核、审批项目开发的具体实施步骤；3. 负责项目设计任务书、总体规划设计方案、设计图表及效果图的评审；4. 参与拟投资项目的可行性研究工作，经济指标测算，提出专业性意见；5. 负责从规划设计角度跟进项目各阶段工作，包括：前期定位、产品设计与规划、报...,房地产开发,http://jobs.zhaopin.com/CC454205110J40849315213.htm,300-499人,2025-12-12 18:45:10
设计副总监,成都,四川科瑞远航信息技术有限公司,本科,5-10年,方案设计,1.2-2万,岗位职责： 1、领导勘察设计团队，负责全国范围内智慧农业项目（如智能灌溉、温室自动化、农田物联网、数字农场等）的前期现场勘察、数据采集与环境评估。2、主导项目总体规划与方案设计，输出包括但不限于技术方案、系统架构图、布局设计、设备选型、施工图纸及预算评估等全套设计文件。3、与技术研发、工程实施等部门紧密协作，确保设计方案符合技术标准、农业需求及成本控制要求，并跟进解决实施过程中的技术问题。4、跟踪...,计算机软件,http://jobs.zhaopin.com/CCL1266438710J40746242606.htm,20-99人,2026-01-08 13:46:19
平面设计经理（电商方向）,成都,成都吴大叔科技有限公司,本科,5-10年,"视觉设计,美工,设计经理,美术指导",1.5-2万,岗位职责统筹品牌电商视觉体系搭建与落地，主导抖音、天猫等核心电商平台的视觉策略规划，统一产品详情页、店铺首页、活动专题页等视觉风格，契合 wudashu “职场女性优雅” 的品牌调性；带领平面小组完成电商全场景设计产出，包括产品拍摄统筹、主图 / 详情页设计、活动海报制作、短视频视觉包装等，把控设计质量与交付效率；深度洞察抖音、天猫电商生态规则与视觉趋势，结合平台流量逻辑优化设计内容，提升页面点击...,电子商务,http://jobs.zhaopin.com/CCL1365075100J40862587703.htm,100-299人,2025-12-16 15:49:38
VX设计师,成都,成都夏尔天逸科技有限公司,大专,3-5年,动画动效设计,1.7-2万,【岗位职责】 1、负责游戏界面的动效设计和制作，包括转场、反馈、微交互、界面特效等，提升玩家交互体验和操作手感，增强整体视觉效果； 2、负责技能特效、场景/UI界面氛围特效等，增强画面表现力，提升氛围感和沉浸感； 3、与团队配合，保证设计效果能高还原度进入游戏。 4、建立和维护动效设计规范，保证整个游戏的动效节奏与风格统一，确保体验感一致。 5、参与动效资源的工作流程的制定与资源管理，并进行性能优...,游戏,http://jobs.zhaopin.com/CC710909920J40848544213.htm,1000-9999人,2025-12-16 01:37:59
连锁餐饮设计总监/设计经理,成都,成都袁记串串香餐饮管理有限责任公司,本科,5-10年,"视觉设计,空间设计,3D MAX,CAD,PS,CorelDRAW,AI",1.5-2万,一、岗位职责： 1. 空间设计管理：主导全国连锁门店空间设计，包括平面布局、动线规划、软装搭配。 2. 制定《门店设计标准化手册》，明确装修材料、施工工艺及成本控制标准，并监督加盟商严格执行。 3. 品牌 VI/SI 执行与迭代：执行品牌视觉管理，优化落实《品牌形象管理规范》。 4. 产品包装设计与创新：组建并管理设计团队（含空间设计、平面设计、包装设计），制定绩效考核标准，培养设计师的商业思维与...,餐饮服务,http://jobs.zhaopin.com/CC456128610J40720446716.htm,100-299人,2025-11-16 15:51:39
设计管理岗,成都,国寿(天津)养老养生投资有限公司,本科,经验不限,,1.3-2万,岗位职责：1、组织项目初期可行性的研究、方案选择、技术论证。2、组织项目总控计划、工程策划编制，对项目现场问题进行决策，处理现场突发事件。3、负责项目现场开发报建、设计、工程及成本管理总体管控，确保项目工程质量、进度、安全和成本目标的达成。4、工程款审核：指导团队制定公司季度、月度工作计划及预算，按照计划审核工程款支付。5、变更签证管理：按公司管理制度负责现场变更签证的审核工作。6、其它：完成领导...,养老/孤儿/看护,http://jobs.zhaopin.com/CC674536820J40895443908.htm,100-299人,2025-10-24 10:49:28
游戏3D美术师,成都,同方鼎欣科技股份有限公司,大专,3-5年,"3D设计,3D MAX,Maya",1-2万,"岗位职责:1.具备扎实的美术基础,能精准把控造型、光影、⾊彩的运⽤,审美能⼒突出;2.擅⻓环境氛围营造,熟练运⽤灯光渲染、天⽓系统(如雾⽓、天空球)、粒⼦特效等增强场景沉浸感;3.精通PBR材质流程,能独⽴完成岩⽯、植被等材质绘制,可处理⽔⾯折射/反射等材质效果;4.熟练使⽤Unity或Cocos Creator3.8,能独⽴通过引擎编辑器完成场景编辑、规划及效果调试;5.精通3ds Max、Ma...",IT服务,http://jobs.zhaopin.com/CC120137340J40797096809.htm,1000-9999人,2025-10-13 15:40:08
动画电影制片人,成都,四川漫恩影业有限公司,本科,5-10年,"角色设计,场景设计,渲染设计,3D设计,模型设计,AI,PS,3D MAX,Maya,AE,UE4",1-2万,动画电影制片人工作职责：1、统筹动画电影项目的前期、中期、后期等环节；2、根据剧本完成独立前期、中期、后期的制作计划，带领团队完成制作。3、负责从制片角度解读剧本和编写项目预算、制定制片计划及执行方案；4、协助管理内容生产团队，确保项目组高效工作；能够严格执行制片计划及制片预算，跟踪动画制作过程，保障进度，确保影片质量；5、负责客观专业评估并选择国内外供应商，监督验收外包素材质量；6、根据项目需求...,文化艺术/娱乐,http://jobs.zhaopin.com/CCL1500948360J40896467904.htm,100-299人,2025-09-30 15:43:05
电力设计经营部长,成都,四川鑫投交通科技集团有限公司,本科,5-10年,,1.5-2万,"岗位职责： 1、 负责设计公司顶层设计管理，包括组织体系、业务体系和业务流等； 2、结合集团战略，负责组织设计公司的战略目标、经营方针、经营形式、预算管理及计划管理； 3、负责设计公司的业务的拓展及市场开发； 4、 负责设计公司的技术质量工作，负责整体核心技术的管理及重大技术方案的制定和实施；主持处理设计技术方案及成果评审；岗位要求： 1、 电气自动化及相关专业,大学本科及以上学历； 2、具备电力...",工程施工,http://jobs.zhaopin.com/CC865037550J40799869813.htm,100-299人,2025-08-24 00:01:40
高端全屋定制设计总监,成都,成都茗素全屋定制家居有限公司,学历不限,5-10年,,1-2万,岗位内容：1. 负责产品的整体视觉风格，提供前沿的设计思路和方案；2. 指导并管理团队完成全屋定制衣柜橱柜设计、效果图、创意工作；3. 推动设计工作的敏捷发展，不断优化流程体系；4. 与产品、研发等部门密切配合，推进项目开发。任职要求：1. 8年以上设计工作经验，有多款成功产品设计案例；2. 熟练掌握 多个主流设计软件，对前沿设计趋势有深入了解；3. 具备出色的团队管理能力，有管理10人以上团队经...,家具制造,http://jobs.zhaopin.com/CCL1357641090J40751929709.htm,20-99人,2025-07-03 00:00:03
智能排版开发工程师,成都,龙软科技,本科,5-10年,,1.2-1.9万·13薪,岗位职责：1. 开发高性能智能排版引擎，实现文本/图形混合布局、动态适配、多语言支持等核心功能2. 设计并优化排版以及显示算法（如GPU加速、换行策略、避头尾规则、多栏平衡算法等）3. 实现复杂布局场景的渲染引擎（PDF生成、响应式设计、跨平台输出）4. 完成智能内容适配与美学质量评估参与排版标准制定与格式兼容开发（支持XML/JSON/HTML等结构化数据）任职条件：1.计算机/图形学相关专业，...,计算机软件,http://jobs.zhaopin.com/CC120911470J40848099615.htm,500-999人,2025-09-15 15:14:43
设计主管,成都,四川高迪博展装饰设计工程有限公司,本科,5-10年,"视觉设计,公共艺术设计,主案设计师,设计主管,设计经理,3D MAX,CorelDRAW,AI",1.5-1.8万·13薪,岗位职责：1. 主导文旅、展馆空间设计全流程，包括创意方案策划、深化设计、效果落地，确保设计符合项目定位与体验需求；2. 带领设计团队完成项目设计任务，合理分配工作、把控进度与质量，提升团队专业能力；3. 衔接施工一体化需求，与工程、策划等跨部门协作，解决设计与施工衔接中的技术问题，保障设计落地性；4. 跟踪行业设计趋势与新材料、新工艺应用，融入项目设计，提升作品竞争力；5. 负责设计方案评审、成...,会议/展览,http://jobs.zhaopin.com/CC703845280J40830210005.htm,20-99人,2026-01-09 17:56:04
弱电设计部经理,成都,四川智诚永信电子工程有限公司,大专,5-10年,"智能化设计,宏业,造价,认质认价,结算,深化设计,弱电设计",1.2-1.8万·15薪,工作描述： （能够接受项目短期出差，会造价相关软件）土建和总包勿扰！！！ 1.带领部门负责EPC弱电项目（学校、医院、酒店、综合办公楼）的业务需求分析和设计； 2.组织领导人员对项目售前技术的支持.业务咨询.方案规划； 3.带领团队完成项目认质认价和项目成本控制工作； 4.参与标书编制.投标技术支持。 5.有带领团队的工作经验（5人以上），能够制作PPT，讲解方案； 岗位要求 1.大专或以上学历；...,建筑设备安装,http://jobs.zhaopin.com/CC478476820J40720230012.htm,20-99人,2026-01-08 14:24:56
高级产品设计师,成都,成都来喽科技有限公司,本科,3-5年,"Figma,网页端,移动端,客户端,交互设计,界面设计",1.2-1.8万,岗位职责1.负责核心产品（移动端 App、管理后台及运营系统）的全流程设计，包括用户体验（UX）、界面设计（UI）及交互设计（IxD）。2.与产品经理、工程团队紧密协作，将业务需求转化为可落地的产品方案。主导设计系统的建设与维护，确保跨产品的一致性和高质量视觉体验。3.利用 AI 工具优化设计流程、提升工作效率，并在日常设计工作中实现智能化辅助。4.通过用户研究、数据分析和原型测试持续优化产品体验...,在线生活服务（O2O）,http://jobs.zhaopin.com/CCL1483742200J40809283514.htm,100-299人,2026-01-06 01:38:42
高级用户体验设计师,成都,深圳市汇合发展有限公司,本科,5-10年,"交互设计,AI",1.5-1.8万·13薪,【职位描述】我们正在寻找一位经验丰富、富有创造力的高级用户体验设计师，加入我们的体验设计团队，负责打造以用户为中心的金融中后台产品。您将主导从用户研究到界面落地的全流程设计，推动用户体验的持续优化，并对设计质量负责。【岗位职责】1、主导复杂产品的用户体验设计，输出用户旅程图、信息架构、交互原型及高保真视觉稿，确保设计逻辑清晰且可落地。2、深度参与需求分析，与产品经理、开发团队协作，平衡用户体验、技...,咨询服务,http://jobs.zhaopin.com/CC160407910J40820612707.htm,10000人以上,2026-01-04 15:00:41
资深设计师,成都,四川川娃子食品有限公司,大专,5-10年,"视觉设计,包装设计,设计经理",1.3-1.8万,工作职责：1、负责公司各类设计项目的创意与执行，独立完成设计方案并进行优化；2、参与品牌推广活动的创意设计工作，包括海报、宣传册、包装、以及泛美术创意类物料等；3、根据品牌定位及设计需求（对文化感的设计有独到的见解），进行产品开发形象包装设计规划；4、了解食品行业相关规定，对相关的设计任务进行监督，确保包装的规范性及合法性；5、依据产品开发需求，对产品开发形象包装设计进行设计；6、负责对产品包装设...,快速消费品,http://jobs.zhaopin.com/CC629192780J40907722808.htm,500-999人,2025-12-22 11:50:46
非标自动化机械设计经理,成都,四川博尔特机器人科技有限公司,本科,3-5年,,1.2-1.8万,岗位职责：1、技能技巧：精通 CAD、SolidWorks、Pro/e等绘图软件，能独立研发设计自动化非标设备；2、带领与培养团队；团结团队培养团队的技术能力打造专业化高效率的团队；3、自动化项目的建议和立项、方案设计；与机械设计工程师协作选定最优解决方案，并预估设备成本；4、参与设计并解决设计中出现的问题；5、制定项目进度表、跟进项目、监督项目与设计工程师共同解决所遇到的设计困难并审批其内容；6...,工业自动化,http://jobs.zhaopin.com/CC463567180J40771114215.htm,20-99人,2025-11-06 00:12:23
视觉设计师,成都,中国兵器装备集团自动化研究所有限公司,硕士,5-10年,"平面设计,视觉动效,UI,PS,AI,C4D,VI设计,广告设计,排版设计",1-1.8万·15薪,【岗位职责】1. 品牌宣传·支持品牌宣传，制定产品（人形机器人/机器狗/移动操控终端）的统一视觉语言，涵盖UI界面视觉风格、包装及宣传物料、视频拍摄把控等·支持品牌宣传，协同策划落地部门品宣计划，跟踪宣传效果2. 产品视觉落地·配合品宣要求，开展发布会、展会等活动的主视觉平面设计（海报/展台/活动数字物料等）·将交互原型方案与文档转化为高保真UI界面与动效·配合产品工业设计，输出包装/标贴/说明书...,专用设备制造,http://jobs.zhaopin.com/CCL1306551560J40778955707.htm,1000-9999人,2025-09-30 07:55:08
高级平面设计师,成都,成都水月雨科技有限公司,大专,1-3年,"PS,C4D,H5,CAD,CDR,电商设计,排版设计,标识导视设计,3D MAX",9000-18000元,岗位职责:1、根据公司品牌定位和市场需求，进行平面设计、海报设计、产品包装设计等相关工作。2、负责公司各类平面视觉设计与传达，包括产品线上、线下的产品宣传设计，品牌宣传册、品牌海报、营销海报、产品包装等。3、负责公司线上、线下主题活动相关视觉设计工作，准确把握活动主视觉调性，提供视觉创意方案。4、参与各类项目的设计，市场活动策划等。任职要求：1、大专以上学历，平面设计、美术、视觉传达等相关专业，且...,电子/半导体/集成电路,http://jobs.zhaopin.com/CC510713180J40641147209.htm,100-299人,2025-09-22 10:00:01
美工设计,成都,四川云华川科技有限公司,学历不限,3-5年,"视觉设计,淘宝,京东,亚马逊,PS,AI,CDR",100元/时,岗位内容：1. 协助公司设计并维护品牌形象的各类媒体素材，如海报、宣传册、电子邮件、微信公众号等。2. 根据市场需求和公司产品特性，设计各类营销推广活动，并提供完善而有效的广告创意设计。3. 参与产品开发过程中的形象设计，确保设计风格符合产品定位并且取得用户的认可。任职要求：1. 熟练使用Photoshop、Illustrator等设计软件，对于各类文件格式有全面的了解。2. 具备良好的视觉设计能...,环保,http://jobs.zhaopin.com/CCL1244308680J40976441304.htm,100-299人,2025-12-26 00:00:02
家装设计总监18k+,成都,四川岚庭家居有限公司,大专,5-10年,,1.2-1.7万,岗位职责：1.负责团队的建设及管理；2.对部门员工不定期进行设计、客户沟通能力等相关的培训；3.根据部门员工的实际情况进行合理的派单；4.负责客户方案交流、修改。促成签单以及工程交底，现场跟踪及后期维护；5.协助部门设计师谈客户；岗位要求：1、大专以上学历，优秀者可放宽；2、有较强的视觉搭配能力，能熟练操作AutoCAD、酷家乐、SU等软件;3、28-40岁，5年以上家装设计工作经验，有团队管理经...,装饰装修,http://jobs.zhaopin.com/CC550116280J40912233004.htm,1000-9999人,2025-05-19 00:02:40
资深平面设计师,成都,深圳零壹玖品牌孵化有限公司,本科,3-5年,"PS,AI,SKetch,VI设计,方案设计,UI设计",1.1-1.6万·13薪,岗位内容：1. 负责公司形象的平面设计、logo设计、微信公众号设计、app设计等相关工作；2. 设计和制作海报、DM单页、手册、展板等营销宣传资料；3. 参与配合相关部门完成各类需求设计、提供平面设计创意及技术支持。4.会创意设计，品牌全案设计，有过大型项目设计优先。5.可以弹性工作任职要求：1. 熟练掌握设计软件，如Ps、Ai、Id、sketch等，能够独立完成设计任务；2. 具备较好的设计创...,广告/营销,http://jobs.zhaopin.com/CCL1400558190J40682526614.htm,20-99人,2026-01-10 16:35:30
设计研发总监,成都,四川圣山白玉兰实业有限公司,本科,5-10年,,1.5-1.6万,一、岗位职责 1.制定设计策略和目标：设计研发总监负责制定并传达公司的设计策略和目标，确保设计团队了解并贯彻这些目标。他们需要了解消费者需求和市场趋势，以制定合适的设计方向，使公司在激烈的竞争中保持竞争力。 2.管理设计团队：设计研发总监负责招聘、培训和管理设计团队的成员。他们需要评估团队成员的技能和能力，确保团队的协作和效率。此外，他们还需要提供指导和反馈，促进设计团队的个人和职业发展。 3.制...,零售/批发,http://jobs.zhaopin.com/CC298846830J40720269814.htm,300-499人,2025-12-23 16:45:14
租户设计管理（TDM）,成都,上海旭美商业管理集团有限责任公司,本科,3-5年,"视觉设计,公共艺术设计",1.1-1.6万·14薪,岗位职责：1.全面负责协调和管控商场商户进撤场的各项工作，制定、完善、监管租户进撤场及装修期管理的规章制度、流程规范及执行情况；2.完成租户装修进场前图纸审核、工程条件对接及场地交付等，确保租户按照约定节点进场；3.协调和跟进租户按照装修标准要求推进施工进度，确保租户按时开业；4.协调租户和各部门在开业前完成装修竣工验收及整改，确保达到开业条件；5.管理租户形象，为租户提供店面、招牌标识和室内装修...,租赁服务,http://jobs.zhaopin.com/CC375241610J40800966509.htm,500-999人,2025-10-22 16:39:04
资深平面设计师,成都,深圳零壹玖品牌孵化有限公司,本科,5-10年,"设计师,品牌设计,VI设计,广告设计",1-1.6万·13薪,岗位内容：1. 制定公司品牌视觉标识体系，提升企业品牌形象；2. 负责各种平面设计、包装设计、POP设计、互动新媒体设计等工作；3. 参与公司宣传渠道的规划、策划及实施、通过创新的设计语言，为产品及公司形象塑造建立更具竞争力的视觉形象。任职要求：1. 本科及以上学历，平面设计或者相关专业，5年以上品牌设计工作经验；2. 对于品牌推广，视觉形象设计以及与用户交互体验有很深的理解；3. 具备出色的平面...,广告/营销,http://jobs.zhaopin.com/CCL1400558190J40816762714.htm,20-99人,2025-12-24 03:47:50
资深次时代场景美术师,成都,成都麟动科技,大专,3-5年,"游戏场景,写实,3D MAX,Maya,ZB,SP",8000-16000元,一、岗位职责： 1、根据原画需求，负责游戏中次时代场景、道具、建筑物、雕塑、植物、物品等类别的制作2、理解领悟能力强，能按要求高质量还原原画设计思路，独立按时按量完成工作任务。3、3d次时代场景设计功底扎实，设计，造型，空间感，色彩感觉良好4、能在有人指导的情况下，带领独立的小关卡，可以独立完成次世代物件的制作二、任职要求：1、专科及以上学历，艺术类相关学历或艺术类相关院校毕业优先（建筑设计，工业...,互联网,http://jobs.zhaopin.com/CC658368720J40701288416.htm,100-299人,2025-08-02 00:00:01
次世代场景美术师（中/高/资深）：,成都,成都夏尔天逸科技有限公司,大专,1-3年,"场景设计,模型设计,3D MAX,Maya,Zbrush,SD,SUBSTANCEPAINTER,SPEEDTREE",8000-16000元·13薪,岗位要求：1、熟练使用 Blender/Maya/3ds Max（至少精通其一）+ ZBrush 高模雕刻2、掌握 Substance Painter 全流程材质制作，熟悉PBR流程3、具备 Unity/Unreal Engine 场景搭建经验，了解LOD、光照烘焙等性能优化4、2-3年以上游戏场景制作经验，有主导过1款完整上线项目的场景美术经历，具备 3人以上团队管理经验，能制定排期计划并分配任...,游戏,http://jobs.zhaopin.com/CC710909920J40774948113.htm,1000-9999人,2025-07-11 14:26:58
平面设计（文创）,成都,西藏易境旅游景观规划设计有限公司四川分公司,本科,5-10年,"文创设计,品牌设计,画册设计",8000-15000元,非相关专业、无相关工作经验请勿随意投递简历核心岗位职责：1、负责文创产品的创意设计，包括但不限于!P形象设计、IP衍生品、文化旅游商品、企业形象衍生品、节日礼产品、包装设计等，结合品牌调性，独立完成从概念构思到设计落地的全流程工作。2、负责企业宣传物料的设计制作：宣传册、期刊、官方网站、企业文化墙等，各类活动及节气海报、H5设计。3、完成领导安排的其他工作。 任职要求:1、美术、产品设计等相关专业...,建筑设计,http://jobs.zhaopin.com/CCL1292138880J40804897010.htm,100-299人,2026-01-11 00:32:02
品牌视觉设计师【机器人公司】,成都,中科中成机器人技术(成都)有限公司,大专,5-10年,"广告设计,VI设计,标识导视设计,PS,AI,ID",1-1.5万,岗位职责：1、参与公司产品/新媒体运营主视觉及交互设计，提供可行性方案2、负责公司产品日常宣传视觉设计（VI、画册、PPT、展会物料）3、配合新媒体运营团队设计线上投放物料4、数据可视化设计任职要求：1、具有独立的审美体系、对生活有态度，对日常生活中的设计产品有自己的理解和思考，对人、环境与设计有深度思考。2、5年以上设计经验（含在校及自我学习时间），有成熟的商业作品，有中大型设计公司/中大型互联...,人工智能,http://jobs.zhaopin.com/CCL1509687090J40817327507.htm,100-299人,2026-01-11 00:07:41
设计总监,成都,四川精石数字信息技术有限公司,本科,3-5年,"CAD,3D MAX,CorelDRAW,PS,Dreamweaver,视觉设计,空间设计",1.2-1.5万,岗位职责： 1、负责大型展馆项目方案的创意设计工作(博物馆、科技馆、规划馆、企业展厅等方向); 2、对部门项目方案创意设计进行有效的把握和掌控(展陈大纲分析、平面规划布局、数字多媒体展示创 意、整体空间设计、三维效果图的呈现); 3、充分理解和分析客户需求，正确把握项目设计创意，方案在设计上要能满足客户的展示要求; 4、精通各种装饰材料、施工工艺、及价格，方案在成本上能够满足客户的预算和公司的成本...,房地产开发,http://jobs.zhaopin.com/CC130563570J40859000303.htm,20-99人,2026-01-08 09:21:02
平面设计,成都,西藏易境旅游景观规划设计有限公司四川分公司,本科,5-10年,"画册设计,品牌设计,文创设计,VI设计,广告设计,排版设计,标识导视设计",8000-15000元,非相关专业、无相关工作经验请勿随意投递简历核心岗位职责：1. 负责公司文旅类型项目的平面设计工作；2. 负责宣传册、期刊、图书书籍装帧设计工作；3. 负责公司宣传类工作：官网或公众号推文、各类活动及节气海报、H5设计；3. 参与公司VI系统、文创产品、周边产品的设计工作。任职要求：1、美术、产品设计等相关专业本科以上学历（美术院校毕业者优先），有3年及以上文旅项目经验者优先；2、有一定美术功底、良...,建筑设计,http://jobs.zhaopin.com/CCL1292138880J40492812110.htm,100-299人,2026-01-04 12:32:19
设计研发经理,成都,四川艾高智家科技有限公司,学历不限,5-10年,展厅设计,1-1.5万,岗位职责：1、负责规划公司产品体系，建立产品研发标准；2、负责艾高新加盟商及经销商专卖店建设（样品、装修等）管理工作；3、负责规划公司门店形象体系，建立门店形象标准4、调研市场主流产品，分析流行趋势，制定研发计划，通过评审后执行；5、新产品的立项开发，方案设计（风格、空间、结构、功能），产品打样，试验测试，工艺制定，软件模块设置；6.新产品发布及培训；7.部门员工技能培训及管理。任职要求：1.定制...,家具/家居/家电,http://jobs.zhaopin.com/CCL1496246140J40704998906.htm,20-99人,2025-12-29 15:24:07
资深平面设计师,成都,四川天马繁星文化科技有限公司,本科,5-10年,"包装设计,VI设计,排版设计",1.2-1.5万,职责描述：【设计对接】主动与客户沟通，了解具体设计要求及交付标准；完成从设计参考提供到设计作品交付。【创意提案】能够结合多元视角和丰富经验，给予客户专业提案或建议。【设计交付】为客户提供传播类设计，包括网媒渠道的KV、H5、运营海报等其他品牌全案设计；【案例沉淀】定期总结沉淀服务案例，优化工作流程，通过不断学习提升业务水平。任职要求：【学历专业】本科及以上；美术、视觉设计、平面设计、数字媒体等相关...,互联网,http://jobs.zhaopin.com/CCL1457103340J40815811115.htm,20-99人,2025-12-10 15:37:40
高级设计经理,成都,云南一起发财控股有限公司,本科,5-10年,"视觉设计,包装设计,视觉VI,平面设计,主案设计师,美术指导,设计经理,PS,CAD,3D MAX",1-1.5万,【岗位职责】1、品牌设计战略规划负责连锁品牌的整体设计战略制定与执行，探索并定义品牌的设计语言，构建完整的品牌设计理念，确保品牌形象在所有渠道和触点上的一致性、信息传达的有效性和品牌健康度。具备战略性和前沿性的行业视角，在多样性、复杂化的商业场景中，及时发现品牌设计问题，提出解决方案，输出有效的设计方案，完整构建全方位的品牌创意方案并高质量落地执行。2、品牌设计工作执行负责次世代品牌店铺设计工作，...,餐饮服务,http://jobs.zhaopin.com/CCL1514040930J40904312308.htm,100-299人,2025-12-03 17:56:17
门店设计总监,成都,四川艾高智家科技有限公司,学历不限,5-10年,"3D MAX,CAD,定制家具",1-1.5万,"岗位描述：1.、领导及管理设计团队，协调及跟进设计师团队内部工作进展，确保团队成员能达到项目目标；2、对部门的设计方案、效果图等全部设计工作的质量把关,以及材料选用配套方案等后续工作的监督；3、指导设计师配合工厂完成产品设计制造到后期安装,达到客户要求；4、懂工艺产品及制作,从设计到后期营销渠道的开发；5、负责与重要客户汇报,精准地向客户阐述出设计理念,并让客户信服；6、监督设计流程体系的执行、提...",家具/家居/家电,http://jobs.zhaopin.com/CCL1496246140J40737494506.htm,20-99人,2025-12-29 15:21:38
烟草工艺设计经理,成都,中国轻工业成都设计工程有限公司,本科,5-10年,设计经理,1-1.5万,工作职责：1. 负责烟草行业项目的工艺设计；2. 负责烟草行业项目的项目管理与客户维系；3. 负责组织烟草招投标中工艺设计工作；4. 完成上级交办的其他工作。 任职要求：1. 食品科学与工程、机械自动化、烟草工程等相关专业，大学本科及以上学历；2. 有烟草行业工艺设计经验；3. 负责沟通客户需求，主动开拓，具有较强分析、沟通和协调能力；4. 负责对所在市场的有效商机、客户进行辨识及跟踪，参与实际业...,工程技术与设计服务,http://jobs.zhaopin.com/CC208756310J40927985304.htm,100-299人,2025-12-03 16:19:03
平面视觉经理,成都,深圳市星河房地产开发有限公司,本科,5-10年,"广告设计,PS,AI",面议,"岗位职责：1、负责项目全周期、全渠道的高品质平面视觉创意与设计工作，确保输出物兼具艺术美感与商业传播力。2、主导品牌及项目的视觉系统建立与标准化管理，强把控项目在各营销阶段（如亮相、强销、持销）的平面视觉输出风格的高度统一性与品质稳定性。3、积极探索并主导应用前沿AI图像生成与设计工具（如nano banana,Midjourney, Stable Diffusion, Adobe Firefly...",房地产开发,http://jobs.zhaopin.com/CC184865920J40809919501.htm,1000-9999人,2025-11-26 16:41:40
视觉设计师,成都,言灵无界信息咨询(北京)有限公司,本科,3-5年,"视觉设计,UI设计,平面设计",1-1.5万,主要职责：品牌视觉体系建设：负责品牌视觉识别系统的设计与维护，包括但不限于LOGO、色彩方案、字体选择、图像风格等，确保所有设计元素符合品牌形象和传播策略；创意设计与执行：根据项目需求，创作各类设计作品，如海报、广告、宣传册、网站页面、APP界面、社交媒体内容等，确保设计既美观又具有商业效果；用户界面与体验设计（UI/UX）：参与产品界面设计，优化用户操作流程，提升用户体验，确保设计既符合美学标准...,咨询服务,http://jobs.zhaopin.com/CC481983130J40805025515.htm,100-299人,2025-10-20 17:40:18
角色设计原画师,成都,四川漫恩影业有限公司,本科,5-10年,"游戏角色设计,美工,设计师,设计总监,PS,3D MAX,AE,角色原画3D",9000-15000元,岗位职责:1.根据剧本描述，导演、总监意图，完成各级角色设计任务，使设计成品满足影片质量与风格要求；2.与上下游环节保持良好沟通，根据项目时间规划高效推进任务确保项目进度； 任职要求:1.热爱动画，希望长期从事动画相关工作；2.有扎实的美术功底、原创能力，熟练掌握设计与绘画软件，对角色形体、比例、表情等的把控能力强，可根据需求独立完成角色设计；3.熟悉三维动画制作流程，有统筹和执行判断能力，有较强...,文化艺术/娱乐,http://jobs.zhaopin.com/CCL1500948360J40896566704.htm,100-299人,2025-09-30 15:43:13
平面设计,成都,成都圣茂文化传播有限公司,学历不限,1-3年,"广告设计,标志设计,品牌设计,包装设计,海报设计,房地产平面设计,画册设计,字体设计",8000-15000元,资深平面设计师【工作内容】1、在项目整体策略及创意方向上，具有独立完成实现项目平面创意工作；2、负责完成项目主视觉创作及相关延展设计；3、深刻理解项目的需求，结合客户提供的信息，配合项目团队整合、修改、完善项目设计工作； 【岗位要求】1、大专及以上学历，美术、广告、视觉传达等相关专业；2、三年以上品牌及公关活动平面设计工作经验（有白酒品牌服务履历优先）；3、思维活跃，出众的平面设计能力和创意，具有...,广告/营销,http://jobs.zhaopin.com/CC371759716J00059081904.htm,20-99人,2025-09-25 00:04:21
ui工程师美工,成都,京北方,本科,3-5年,"界面设计,交互设计,Java,Vue,开发技能",1-1.5万,岗位职责：1.根据交互设计及产品规划充分理解产品策划思路及理念，配合产品经理和研发人员实现完成产品相关的用户界面视觉设计。2.建立和完善产品界面视觉设计规范；3.完成产品相关推广活动的专题页面、动效的设计及制作。4.与研发团队充分沟通协作，确认可控的误差范围和视觉效果的最终实现；5.根据视觉设计的发展趋势及用户研究的结果不断优化产品的图形界面（GUI）；6.参与测试环节，在产品上线前对产品进行UI...,IT服务,http://jobs.zhaopin.com/CC315847110J40775789507.htm,10000人以上,2025-07-21 17:36:52
方案设计组长（酒店方向）,成都,锐度设计集团有限公司,大专,5-10年,"PS,3D MAX,CAD,Sketchup",1.2-1.5万,职位描述1、能落地小组生产计划和流程，保证完成全年小组产值目标2、对前期整体设 计方案、效果图、施工图等工作质量的把关，对材料选用、配套方案等后续工作完善及监督，保证项目质量水平。3、制定项目时间计划表，控制各阶段时间节点，确保项目按期完成；对公司设计流程、体系的贯彻执行，提高工作的标准化、规范化；确保客户满意4、负责小组内团队的建设和培养，对部门成员进行专业的培训和指导，合理分配组内成员的工作，...,装饰装修,http://jobs.zhaopin.com/CC306449610J40741981801.htm,500-999人,2025-06-09 11:18:40
平面设计师（成都文博展馆））,成都,天图文化创意产业集团,大专,10年以上,"标识导视设计,平面设计,PS,CAD,熟悉文博展馆项目",9000-15000元,职位描述岗位职责：1. 梳理大纲、配合主设出色彩体系2.配合方案设计师完成方案效果图需要的平面内容、方案ppt模板设计等工作3.与甲方核对大纲及上展内容，并结合现场情况、项目特色等客观情况，进行版式设计，出报审图册4.根据方案及大纲内容进行版式的深化设计5. 现场核尺，出制作文件，进行校色，并指导安装6. 完成领导交待的其他工作任职要求：1、平面设计或视觉传达等相关专业，专科以上学历。2、熟练运用...,房地产开发,http://jobs.zhaopin.com/CC120113480J40686106101.htm,100-299人,2025-03-10 10:15:28
资深平面设计师,成都,成都米分网络科技有限公司,本科,3-5年,"画册设计,视觉设计,全职,不支持远程办公",9000-14000元,*优秀者可定岗设计主管/设计经理①负责全公司视觉设计支撑与升级；②负责公司品牌形象、广告宣传、网络推广、专题栏目等品宣类设计；③负责公司宣传手册、内刊读物、杂志、白皮书等印刷资料设计；④负责公司线上项目制活动的主画面、舞台背景、宣发等系列配套平面设计；⑤负责公司大型B端峰会的主K、会场布置、舞台背景、活动物料、宣发等活动全流程设计。⑥其他设计支撑工作。任职要求：①热爱设计工作，视觉设计传达等相关专...,新媒体,http://jobs.zhaopin.com/CCL1276291800J40395896603.htm,20-99人,2025-12-17 00:00:04
平面设计主管,成都,成都极客未来教育科技有限公司,本科,5-10年,"平面设计,设计主管,PS,CDR",1-1.4万,岗位职责：1、负责品牌整体视觉体系的规划、建立与迭代，制定设计规范并监督执行；2、统筹品牌全渠道视觉创意输出，包括但不限于品牌海报、品牌手册、活动视觉、延展物料、推广物料等；3、管理设计团队，合理分配任务，指导团队成员提升设计能力与项目执行力；4、主导重点设计项目从策略到落地的全过程，对接供应商并把控最终出品质量；5、协同各部门，提供专业视觉策略支持，推动设计在业务中的有效应用；6、负责设计团队知...,培训/辅导服务,http://jobs.zhaopin.com/CC538265030J40815633009.htm,1000-9999人,2025-12-02 14:43:50
U3D美术设计师,成都,四川复朴信息技术有限公司,学历不限,3-5年,"Maya,U3D,模型设计,渲染设计,场景设计",8000-14000元,岗位职责：1. 负责虚拟仿真教学软件中的模型制作和场景搭建。2. 使用Maya软件进行建模工作。3. 使用Unity进行场景地编，制作地形和场景。4. 制作简单的动画效果。5. 管理美术组，负责对接外包团队。6. 把控项目模型的质量。岗位要求：1. 熟练掌握Maya软件进行模型制作。2. 熟练掌握Unity场景地编，能独立制作地形和场景。3. 具备简单的动画制作能力。4. 有管理美术团队的经验。5...,计算机软件,http://jobs.zhaopin.com/CCL1426683600J40744881811.htm,20-99人,2025-07-23 16:13:43
综合设计主管,成都,四川卓信力加信息科技有限责任公司,本科,5-10年,"视觉设计,手绘,UI设计,VI设计,平面设计,设计主管",8000-14000元,职位描述 岗位职责： 1、根据不同的客户需求，协同团队头脑风暴输出创意方案； 2，协同团队进行摄影、设计的创作构思和执行； 3、独立完成线上线下的视觉设计展现； 4、根据项目整体美术风格，绘制并完成场景概念图、氛围图； 5、能快速搭建场景空间结构，营造环境氛围； 6、配合策划推广并参与执行。 岗位需求： 1、本科及以上学历，美术、设计、艺术、影视学等相关专业优先，7年以上相关工作经验优先2、精通平...,互联网,http://jobs.zhaopin.com/CC481858320J40713182402.htm,20-99人,2025-07-17 10:49:27
高级平面/品牌设计师,成都,四川品森品牌策划有限公司,本科,3-5年,"VI设计,广告设计,品牌视觉识别系统,CDR,PS,AI",1-1.3万,工作内容：1、负责公司及客户的品牌全案设计，包括但不限于品牌形象视觉标准设计、VIS应用系统设计、线上新媒体推广内容设计、海报设计、网站设计、小程序设计、空间物料设计和PPT/画册等设计；2、负责品牌设计项目的创意设计方案的输出和提案沟通，确保视觉创意符合客户的品牌调性；3、确保所负责的项目按时、按质、按量完成并交付。任职要求：1、美术、平面设计等相关专业，本科及以上学历，3年及以上品牌创意平面设...,广告/营销,http://jobs.zhaopin.com/CCL1501824970J40727334316.htm,20-99人,2025-12-22 09:18:15
高级平面设计,成都,智海王潮传播集团有限公司,大专,经验不限,,8000-13000元·13薪,1. 有线下活动设计经验（快闪、路演、发布会、公关活动）等；2.能独立完成活动主视觉设计；3.熟悉延展及制作规范，能结合各类运用场景进行创造性设计，协助项目进行视觉设计相关工作；4.对项目及作品负责，沟通协作能力强，能按时按质完成交付；5.熟悉各种设计软件PS/AI/C4D等；6.服务过互联网大厂最佳；1. 平面设计或者相关专业；2. 具备出色的平面视觉表现能力以及不断创新和开拓的精神，习惯快速根...,广告/营销,http://jobs.zhaopin.com/CC581660630J40846143712.htm,500-999人,2025-11-05 11:11:58
图文编辑,成都,江苏君凯教育科技有限公司四川分公司,本科,经验不限,"图书美编,网站美编,新媒体美编,PS,AI,CR",6000-12000元,岗位内容：1. 制止海报、封面、宣传手册等。2. 企业IP设计及周边产品研发。3.公众号、小红书图文排版。4. 配合团队处理其他事务。5.要求应届生任职要求：1. 具备本科及以上学历，广告、设计类专业优先。2. 有良好的视觉审美。3. 能够熟练使用不同的编辑软件和技术，会画图及排版设计。4. 良好的团队协作能力和沟通能力。,培训/辅导服务,http://jobs.zhaopin.com/CCL1456999170J40820222707.htm,300-499人,2026-01-10 01:20:33
资深平面设计师,成都,四川致敬者信息科技有限公司,大专,3-5年,,9000-12000元,工作时间：大小休（介意勿投！！！） 节假日全放，上班时间 9:00-18:00 ，入职五险一金！ 岗位职责： 1、独立完成企业品牌视觉设计，包括但不限于宣传海报、产品包装、画册、H5页面、社交媒体配图、活动物料（易拉宝、展板等）及广告投放素材。 2、根据品牌调性及市场需求，输出高质量视觉方案，确保设计风格统一且具有市场竞争力。 3、对接市场、运营、产品等部门，理解业务需求并转化为创意设计，支持线上...,食品/饮料,http://jobs.zhaopin.com/CCL1491190470J40668429106.htm,100-299人,2026-01-08 11:33:07
13薪-平面设计师-游戏,成都,成都灵创互动科技有限公司,大专,经验不限,"PS,游戏,平面设计,AE",6000-12000元·13薪,岗位职责- 根据优化师的创意脚本，生产设计高质量海外二消、三消等产品发行向的买量平面- 拆分UI资源、提供可供后期使用的文件- 根据反馈进行修改和完善，确保设计效果达到预期任职要求:- 熟练使用PS、AE、AI等相关设计工具- 1年以上相关从业经验，需要提供可以代表个人真实能力的相关作品- 具备扎实的美术基础，对视觉美感有较强的感知力，能够独立完成设计任务，对自己的平面素材有较高的要求- 需要有强...,游戏,http://jobs.zhaopin.com/CCL1515002530J40832117010.htm,500-999人,2026-01-07 11:06:32
人像修图师/儿童摄影精修师/数码师,成都,成都马克叔叔文化传播有限公司,学历不限,1-3年,"人像修图,人像精修,儿童摄影",6000-12000元,岗位职责： 1、运用修图软件PS对图片进行精修处理； 2、按照公司标准及客户需求完成照片精修工作； 3、修调完成的照片整理归档。 招聘需求： 1、1年以上影楼修片工作经验； 2、熟悉Photoshop操作； 3、有良好的美术功底，审美能力、创意及色彩感强； 4、有良好的沟通表达能力。 福利待遇： 薪酬：无责底薪+提成+奖金 平均月薪6000-12000左右，上不封顶哦！！！ 福利：月度、季度、年度...,文化艺术/娱乐,http://jobs.zhaopin.com/CC254370630J40220187402.htm,100-299人,2026-01-06 15:35:53
新媒体专员（平面设计）,成都,成都乐家爱格商贸有限公司,本科,3-5年,"排版设计,电商设计,VI设计",7000-12000元,1:公司代理品牌为定制家具类板材全球第一品牌意大利可丽芙，土耳其第一欧洲第三卡斯托莫，全球顶级功能与结构五金意大利IF五金，百隆，海蒂诗等进口五金，公司21年发展均为传统模式，现需要新增新媒体推广，增加所代理品牌在装修客户中的曝光度，让商家与客户比较容易能找到我们。2:小红书，微信公众号，抖音等定期发文或者视频。需要懂图文编辑排版设计以及视频拍摄剪辑。审美在线，具备高级感。3:与线上咨询来精准客户...,贸易/进出口,http://jobs.zhaopin.com/CC578986220J40783043210.htm,20人以下,2026-01-06 13:28:18
高级平面设计师,成都,四川顶火汽车科技有限公司,本科,5-10年,"广告设计,VI设计,标识导视设计",8000-12000元,岗位职责1、负责公司品牌整体视觉形象的规划和设计，品牌视觉形象打造，包括但不限于logo、VI系统、宣传册、网站等。2、根据品牌定位和目标用户群体，制定并执行品牌视觉传播策略，提升品牌知名度和影响力。3、根据营销策略和目标，设计出吸引眼球、传播力强的宣传物料。比如公司产品、改装案例、越野活动等宣传物料的创意设计，包括但不限于海报、banner、H5、短视频等。4、参与公司官网、电商平台等用户界面的...,汽车4S店/经销商,http://jobs.zhaopin.com/CCL1346576410J40591062516.htm,100-299人,2026-01-05 09:48:21
资深平面设计师,成都,成都章鱼圈科技服务有限公司,大专,5-10年,"VI设计,广告设计,PS,CDR,UI设计,AI",6000-12000元,1、 岗位核心定位1-1、品牌视觉灵魂的塑造者与品质标杆：作为品牌视觉呈现的专家，负责将品牌理念与产品特质，转化为极具市场辨识度与情感共鸣的视觉语言，尤其在产品包装、品牌IP与营销视觉等关键触点确立行业级品质标准。1-2、设计攻坚与创新的引领者：在项目中承担核心创意产出与复杂视觉问题的解决，能独立驾驭从概念到量产的全流程，并运用插画等专业技能为品牌注入独特个性。 2、核心岗位职责2-1、品牌核心视...,烟草/酒业,http://jobs.zhaopin.com/CCL1348645150J40836512905.htm,100-299人,2026-01-04 12:04:03
电商设计师,成都,深圳市法本信息技术股份有限公司,大专,3-5年,"淘宝,天猫,京东,PS,AI",1-1.2万,1.负责天猫、京东、抖音等主流电商平台的全链路视觉创意与设计工作，主导店铺整体视觉形象的规划与落地。2.深入挖掘产品核心卖点，并转化为高效的视觉语言;能基于点击率、转化率等数据，持续驱动设计方案优化。3.主导产品整体的设计方案与视觉呈现，负责关键项目的全流程推进，确保创意任务高质量、按时交付。4.善于运用AIGC等前沿工具赋能设计流程，提升创意素材与视频内容的产出效率及视觉表现力。 岗位要求： 1...,计算机软件,http://jobs.zhaopin.com/CC385622410J40743006606.htm,1000-9999人,2025-12-25 17:38:40
美术,成都,成都悟空文化科技有限公司,大专,3-5年,"AI,COMFYUI,MIDJOURNEY",8000-12000元,岗位职责：1、参与剧本讨论会，熟悉剧本世界观、故事主线、剧本人物；2、设定世界观美术风格，角色设定、模型资产设定、角色Lora、影片风格Lora3、完成生图软件的工作流搭建；4、按照分镜脚本以及导演的要求出具对应单帧镜头；5、根据定版镜头进行图片合成、图片精修、图片超分；6、完成字体设计、HUD设计、项目海报设计等；7、配合动态组优化首尾帧镜头。岗位需求：1、3年及以上工作经验；2、学历大专及以上...,广播/影视,http://jobs.zhaopin.com/CC878757070J40779556105.htm,20-99人,2025-12-24 11:27:08
品牌设计师,成都,康华药业,本科,5-10年,方案设计,7000-12000元,职位名称：品牌设计师职位类型：全职薪资：7K--12K岗位概述：作为品牌企划部团队的关键一员，你将深度参与品牌的核心策略与全新品牌的打造工作。不仅需要你是一位优秀的设计师，更需要你对行业动态、行业竞品有深刻的理解认知。协助品牌总监推动品牌持续发展，并且逐步成长公司企划核心力量。任职要求：1、本科及以上学历，视觉传达/工业设计/数字媒体艺术相关专业，5年以上品牌设计或产品设计经验；2、成功主导过品牌...,医药制造,http://jobs.zhaopin.com/CC352961020J40800755101.htm,100-299人,2025-10-27 15:13:13
平面设计师,成都,四川汇利实业有限公司,本科,5-10年,"视觉设计,包装设计",8000-12000元,岗位职责： 1、 负责药品包装设计：根据“纸包产品信息表”及销售或客户要求进行原创平面设计、3D渲染等工作，确保包装的美观性、实用性和符合相关法规要求。 2、 参与项目讨论：与销售经理、客户、供应商等进行沟通，理解项目需求，提出合理的设计建议和解决方案。对具有需求的客户进行设计提案并做好设计说明。 3、 对外宣传设计：对汇利纸包事业部现有企业VI、logo、宣传样盒、参与协助各项对外宣传设计，如：...,印刷/包装/造纸,http://jobs.zhaopin.com/CC221451510J40281784311.htm,1000-9999人,2025-10-14 15:37:25
平面设计师,成都,上海云罡同汇视觉艺术设计有限公司,本科,1-3年,,8000-12000元,岗位职责： 1、担任平面设计人员，包括但不限于创意方向讨论、概念/深化方案的设计与执行、后期施工落地跟进等工作； 2、与项目组内成员保持良好沟通，在设计总监的安排下与其他同事配合完成公司项目的各阶段设计方案； 3、配合设计团队完成设计方案的制作，同时兼顾场馆内VI导览导视系统设计、墙面平面排版、多媒体界面设计等； 4、完成公司安排的会议和出差，包括但不限于方案汇报、现场测绘勘查等，并协同其他同事做...,广告/营销,http://jobs.zhaopin.com/CC141381610J40783408305.htm,100-299人,2025-09-24 00:03:20
资深平面设计师,成都,四川智海王潮文化创意有限公司,大专,3-5年,"PS,AI,C4D,方案设计",6000-12000元,职位描述1、设计类专业专科以上学历或相应的能力； 2、熟练掌握corldraw、Photoshop、c4d或AI等设计软件 3、4年以上平面设计经验，有公关活动、会议展览、快消酒水项目设计经验优先； 4、具备较高的艺术素养及创意水平，具备独特的设计理念和创新能力，能独立完成各类风格设计方案； 5、沟通能力强，能快速准确领会方案的设计主题并恰当表现，同时具备较强的语言表达能力； 6、具较强的团队协作...,广告/营销,http://jobs.zhaopin.com/CC847055730J40801690015.htm,20-99人,2025-08-20 14:32:21
品牌设计师,成都,成都澹谧科技有限公司,本科,3-5年,"VI设计,方案设计,UI设计,PS,AI,CDR",7000-12000元,一、岗位职责（1）品牌视觉设计：负责品牌VI系统（Logo、色系、字体、图形等）的创意与执行，确保视觉风格符合品牌调性。（2）品牌延展设计：完成品牌周边物料设计，如画册、包装、宣传海报、社交媒体视觉、线下活动物料等。（3）品牌策略支持：参与品牌定位、市场调研，为品牌升级提供设计方向建议。（4）团队协作：与市场、产品、运营团队紧密合作，确保品牌视觉在各渠道保持一致性。（5）行业趋势研究：关注设计趋势...,计算机软件,http://jobs.zhaopin.com/CCL1491149320J40814341013.htm,20-99人,2025-08-18 14:04:57
电商美工,成都,千禾味业,本科,无经验,"食品,饮料,PS,C4D,AI",8000-12000元·13薪,"岗位职责： 1.负责淘系或京东等平台商品海报设计、商城大型活动主页面创意设计、店铺主图、banner、详情页、店面等图片的设计与更新； 2.产品后期的图片修片、调色、排版等工作。 3.店铺整体视觉优化设计,不断提升店铺视觉表达质量。 4.配合完成公司其他部门美工方面的需求。 任职要求： 1.本科以上学历，设计类相关专业。 2.熟练使用精通Photoshop，CorelDraw，AdobeIllus...",快速消费品,http://jobs.zhaopin.com/CC339677710J40810533913.htm,1000-9999人,2025-08-15 15:10:52
线上兼职-平面设计,成都,四川天马繁星文化科技有限公司,大专,3-5年,"PS,广告设计",9000-12000元,公司业务聚焦：小红书，阿里系，百度系，腾讯系，京东，B站 ——相关工作经验&外包公司待过优先车企、AI 智能 电子产品（大疆，OPPO，华为，vivo)相关工作经验优先随时可接单的优先设计内容：新媒体矩阵 线下活动 （品牌营销，运营设计，公关传播）餐饮，房地产，快消品，母婴，店铺设计及政府项目相关行业请勿投递任职要求：【学历专业】大专及以上；美术、视觉设计、平面设计、数字媒体等相关教育背景优先；【...,互联网,http://jobs.zhaopin.com/CCL1457103340J40870078215.htm,20-99人,2025-07-30 16:20:13
平面设计,成都,四川二十一世纪展览工程有限责任公司,本科,1-3年,"排版设计,标识导视设计,PS,CDR,AI",6000-12000元,请详细阅读岗位职责及要求进行投递！！ 岗位职责及要求： 1、视觉传达、平面设计或装潢设计等相关专业 2、熟练应用PS、CDR、Adobe InDesign等主流平面设计软件: 3、至少2年以上博物馆、规划馆、展览馆等展览平面设计经验优先考虑。 4、根据项目需求负责完成相关线下平面创作设计; 5、能独立创作并完成各种文化墙、VIS、导视、广告牌、铭牌、文创、画册、图书、DM单、折页、海报、宣传栏及 ...,公共建筑装饰装修,http://jobs.zhaopin.com/CC264052680J40891296504.htm,100-299人,2025-07-24 00:00:03
修图设计师+双休,成都,成都太平园信息技术有限公司,学历不限,经验不限,"家具,天猫,淘宝,京东,PS,CDR",6000-12000元,岗位内容： 1. 基于公司规定，对家具照片进行修图处理，包括抠图、换背景、产品调色等。2.有家具产品换背景、调色经验。3. 能够独立完成大量图片处理任务，并保证修图质量。任职要求： 1. 具备相关学习背景及工作经验，能够独立运用Photoshop等软件进行图片处理和制作；2. 熟悉摄影器材、构图、色彩、灯光等知识，有很强的艺术审美和创意思维；3. 工作认真细致，对画质有一定追求，有较好的团队协作能...,计算机软件,http://jobs.zhaopin.com/CC421927030J40704350207.htm,20人以下,2025-07-16 00:19:42
兼职-平面设计师,成都,四川天马繁星文化科技有限公司,大专,3-5年,"广告设计,VI设计,AI,PS",6000-12000元,任职要求：【学历专业】大专及以上；美术、视觉设计、平面设计、数字媒体等相关教育背景优先；【从业经验】3年以上从业经验；有乙方工作经验优先；具备各类线上主K案例优先；有科技风格、车企案例优先；【技能加分项】具有大型项目提案或者项目管理经验优先；具备3D能力、AIGC能力优先；投递简历时，烦请附带已上线的成熟商业案例。随时可接单的优先,互联网,http://jobs.zhaopin.com/CCL1457103340J40866909115.htm,20-99人,2025-07-22 11:52:17
资深次时代场景美术师,成都,成都麟动科技,大专,3-5年,"3D MAX,Maya,Zbrush",6000-12000元,一、岗位职责： 1、根据原画需求，负责游戏中次时代场景、道具、建筑物、雕塑、植物、物品等类别的制作2、理解领悟能力强，能按要求高质量还原原画设计思路，独立按时按量完成工作任务。3、3d次时代场景设计功底扎实，设计，造型，空间感，色彩感觉良好4、能在有人指导的情况下，带领独立的小关卡，可以独立完成次世代物件的制作 二、任职要求：1、专科及以上学历，艺术类相关学历或艺术类相关院校毕业优先（动漫设计专业...,互联网,http://jobs.zhaopin.com/CC658368720J40701805116.htm,100-299人,2025-07-10 00:00:02
资深平面设计师,成都,四川陈多多餐饮管理有限公司,本科,3-5年,"包装设计,VI设计,方案设计,PS,AI,CDR,中高端品牌",8000-12000元,1.根据品牌属性，品牌VI视觉及调性，整体把控视觉输出作品风格一致性。参与品牌传播活动及视觉创意，依据创意概念，进行具体的设计构想及表达；2.负责把控平面画册、VI设计、海报设计等项目的定位、定向、风格等；3.负责重点项目/任务的主K，平面、包材、产品等设计工作，并指导平面设计、包材设计、产品设计等具体设计与创作，赋能并解决设计师在创意方面遇到的问题；4.根据设计团队的项目分工与协作，完成设计类任...,食品/饮料,http://jobs.zhaopin.com/CC513989430J40785013405.htm,100-299人,2025-06-13 16:03:29
平面设计/品牌策划,成都,成都尼恩装饰设计工程有限公司,本科,5-10年,"包装设计,VI设计,AI,PS,CAD,标识导视设计",8000-12000元,岗位内容：1. 为客户包装品牌视觉标识体系，提升企业品牌形象；2. 负责各种平面设计、包装设计、POP设计、互动新媒体设计等工作；3. 策划包装及实施、对市场的洞察力创新的设计语言，为客户公司形象塑造建立更具竞争力的视觉形象。任职要求：1. 本科及以上学历，平面设计或者相关专业，5年以上品牌策划设计工作经验；2. 对于品牌推广，视觉形象设计以及与用户交互体验有很深的理解；3. 具备出色的平面视觉表...,装饰装修,http://jobs.zhaopin.com/CCL1218518330J40503912306.htm,20人以下,2025-04-24 00:00:04
平面设计,成都,成都成明达网络科技有限公司,大专,1-3年,"VI设计,包装设计,品牌视觉标识体系,互动新媒体设计",7000-11000元,岗位内容：1. 制定公司品牌视觉标识体系，提升企业品牌形象；2. 负责各种平面设计、包装设计、POP设计、互动新媒体设计等工作；3. 参与公司宣传渠道的规划、策划及实施、通过创新的设计语言，为产品及公司形象塑造建立更具竞争力的视觉形象。任职要求：1. 本科及以上学历，平面设计或者相关专业，5年以上品牌设计工作经验；2. 对于品牌推广，视觉形象设计以及与用户交互体验有很深的理解；3. 具备出色的平面...,人工智能,http://jobs.zhaopin.com/CCL1512620840J40868540912.htm,20-99人,2026-01-11 14:05:20
平面美工,成都,成都筑川科技有限公司,大专,3-5年,图书排版,300-500元/天,工作内容：负责各类文档的排版与视觉美化，确保格式规范、布局美观、符合专业标准；根据需求调整字体、段落、图表、目录等元素，提升文档整体可读性与呈现效果。核心能力要求：熟练掌握Microsoft Word高级排版功能（如样式集、多级列表、页眉页脚、题注与交叉引用等）；具备良好的审美能力与细节把控力，能根据内容风格进行视觉优化。工作时间：每日固定时段 9:00-18:00，需到办公室上班，支持实时沟通与...,计算机软件,http://jobs.zhaopin.com/CC441923910J40864829003.htm,20-99人,2026-01-02 01:06:37
文创产品设计师,成都,四川无边界文化传播有限公司,大专,1-3年,"包装设计,平面设计",7000-11000元,岗位职责：1、文创产品设计研发（文化旅游商品、文化IP衍生品、节日礼产品、企业形象衍生品等）2、进行文创产品研发对接，并拥有一定的策划研发能力3、研发产品打样跟踪4、配合公司团队，对客户需求进行创意构思及相关设计5、能掌握不同品牌调性，充分理解品牌要求、客户目标、创意要点，并有自己的独特见解。 任职要求：1、美术、设计相关专业，大学专科以上学历；2、两年以上相关设计工作经验，有文创产品创意设计工作...,零售/批发,http://jobs.zhaopin.com/CC483380780J40865582504.htm,20-99人,2025-06-24 10:56:17
创作总监,成都,四川省信泽天扬广告有限公司,本科,3-5年,"品牌设计,日化,宣传物料设计,广告业,插图设计",1-1.1万,"1.全面主持设计部工作,担当创意核心、设计指导、效果统筹、设计沟通的任务 2.领导和负责品牌设计团队工作,负责公司品牌的定位、形象、风格的创意设计及制定,包括品牌视觉识别系统设计和平面应用设计 3.深入洞察和了解品牌受众需求,并把需求转化成清晰明确的设计语言; 4.准确把握市场流行信息和趋势,定位风格、年度开发方向、产品组合的把控,制定品牌产品的设计企划方向; 5.设计研发团队的管理,带领团队独立...",广告/营销,http://jobs.zhaopin.com/CC196820120J40172927404.htm,20-99人,2025-05-21 15:56:39
平面设计师,成都,四川省一三三七文化创意有限责任公司,大专,1-3年,"校园文化设计,方案设计",6000-11000元,工作内容：1、参与各类大中型项目如办公，公共场所、学校等设计工作;2、准确理解客户意图，及时创作或者协调创作出项目设计稿，如该项目的设计意向、平面图、效果图等设计方案;3、与客户沟通设计要求，设计方案。职位要求：1、艺术设计等相关专业大专以上学历，两年以上工作经验，优秀者可另谈；2、具有美术功底，对色彩感知能力强；3、熟练搡作CDR、photoshop、草图等软件;4、能独立完成项目的设计方案;5...,文化艺术/娱乐,http://jobs.zhaopin.com/CCL1343836690J40682888312.htm,20-99人,2024-11-12 10:23:45
线上ppt设计师,成都,四川意创想商务服务有限公司,高中,1-3年,PPT设计,30-60元/时,工作周期：长期兼职每周工期：无要求工作时间：不限工作时段：不限结算方式：周结线上兼职，无需坐班，不收取任何费用自由接单不强制、不限地点 岗位要求: 1、熟练使用PPT相关制作软件，（如：PowerPoint、Photoshop、Illustrator）以及设计的各种元素与技巧，有较强审美能力，文字提炼编辑能力 2、有ppt设计制作经验 3、时间充裕、善于沟通、责任心强、有耐心 4、须具备原创能力，...,广告/营销,http://jobs.zhaopin.com/CCL1509883180J40778894411.htm,20-99人,2025-12-09 15:11:50
美工,成都,四川时代琴声电子商务有限公司,大专,1-3年,,6000-10000元,岗位内容：1. 利用Photoshop、Illustrator等设计软件完成平面设计、海报宣传设计、包装设计等美工相关工作。2. 负责制定视觉风格方案，参与产品形象策划和设计提案，推动项目的成功落地。3. 与其他部门沟通协调，保证设计成果符合公司品牌形象及市场需求。任职要求：1. 熟练掌握Photoshop、Illustrator等设计软件。2. 具备较高的审美水平和设计思维，能够独立完成设计方案...,电子商务,http://jobs.zhaopin.com/CCL1512786510J40899375502.htm,20-99人,2026-01-11 15:54:09
医美平面设计（双休）,成都,成都睿漾再生医疗科技有限公司,大专,3-5年,"包装设计,UI设计,VI设计,PS,CDR",7000-10000元,一、岗位职责1. 负责品牌及产品的整体视觉设计，贴合医美行业调性。2. 负责核心设计需求落地：新媒体配图（小红书/抖音封面、图文笔记排版）、活动物料（团购海报、体验券、异业合作物料）、门店视觉（宣传展架、价目表、导视牌）、品牌基础物料（LOGO应用、宣传册）等。3.聚焦医美产品、真实案例，设计风格兼具专业性、美感与传播性，严格规避违规表述与敏感视觉元素。4. 快速响应设计需求，配合新媒体运营与活动...,医疗设备/器械,http://jobs.zhaopin.com/CCL1411655960J40817344607.htm,100-299人,2026-01-11 00:06:21
平面设计师,成都,成都锦绣智诚产业集团有限公司,本科,1-3年,"方案设计,广告设计,VI设计,PS,AI,CAD",6000-10000元,岗位职责1. 负责商业项目视觉设计工作，包括但不限于品牌形象设计、导视系统设计、宣传物料设计等。2. 参与商业空间设计中的平面视觉部分，如店铺标识、海报、广告牌等。3. 根据项目需求，独立完成创意设计方案，并与团队协作落地执行。4. 与业务部、策划部等部门紧密合作，确保设计内容符合项目定位及需求。5. 跟踪设计趋势，结合商业业态主题，提出创新设计理念。任职要求1. 平面设计、视觉传达、艺术设计等相...,房地产开发,http://jobs.zhaopin.com/CCL1390666400J40712521510.htm,100-299人,2026-01-11 00:05:21
视觉设计师,成都,彩讯科技股份有限公司,大专,3-5年,"朝九晚六,周末双休",6000-10000元,一、公司简介彩讯股份（证券代码：300634）创立于2004年，致力于成为优秀的智能数字化专家。公司多年来沉淀了独特的技术和运营双中台，以及智慧渠道、协同办公、云和大数据三大产品线。为中国近三成财富百强等广大企业提供行业数智化综合解决方案，以及亿级用户规模的业务平台建设和运营支持服务。彩讯股份的一站式AI应用平台——Rich AIBox，实现多个基座大模型统一接入、私域知识库无缝衔接、多场景智能体...,计算机软件,http://jobs.zhaopin.com/CC189085310J40792092813.htm,1000-9999人,2026-01-09 00:07:21
高级平面设计师,成都,成都艾狄森新材料有限公司,学历不限,1-3年,"PS,AI,CDR,排版设计",7000-10000元,30分钟内将客户低清效果图/截屏，修复为1.26m×3m印刷级高清文件（CMYK、≥300DPI）要求：排版设计，精通PS+AI+CDR+Topaz等AI超分工具，有商业印刷修图经验，能快速出图优先：制作过热转印设计.排版.调色的优先,建材,http://jobs.zhaopin.com/CCL1516279860J40821577107.htm,20人以下,2026-01-08 12:29:58
电商美工设计师（社保）,成都,成都万姓堂文化传播有限公司,大专,1-3年,"淘宝,天猫,京东",5000-10000元,一、店铺视觉设计1.负责电商平台店铺首页、详情页、分类页等各类页面的视觉设计，确保整体风格统一、符合品牌调性。2.根据电商平台的视觉规范及市场趋势，设计有吸引力的店铺布局与风格，提升用户购物体验。二、 产品图片设计与处理1.负责产品主图、详情页图、促销图等电商平台所需的产品图片设计及处理。2.精通产品图片的裁剪、修图、抠图、合成等后期处理工作，确保图像质量符合平台要求。三、促销活动设计1.设计各种...,互联网,http://jobs.zhaopin.com/CC584394930J40658527410.htm,20-99人,2026-01-08 10:33:29
平面设计师,成都,西藏雪源土特产品商贸有限责任公司成都分公司,大专,1-3年,"设计师,PS,AI,CDR,方案设计,广告设计",6000-10000元,工作内容：核心要求：热爱藏文化，具备一定藏文化设计功底，熟悉藏式纹样、色彩、符号等美学元素的应用逻辑。◦ 岗位职责：独立完成文旅宣传海报、农特产品包装、文创周边、新媒体图文物料等设计工作；根据项目需求与文案策划、业务团队协作，输出符合藏地文化特色的视觉方案；跟进设计物料的落地印刷，确保设计效果还原。任职要求：1、专科及以上学历，视觉传达、设计相关专业，2年及以上设计工作经验及体系化的设计底层思维，...,零售/批发,http://jobs.zhaopin.com/CC503281380J40696033701.htm,20-99人,2026-01-07 19:37:49
跨境电商美工,成都,成都米花熊科技有限公司,大专,1-3年,"拍摄,PS,AI,PR,亚马逊,沃尔玛,跨境电商,小家电,3C数码,玩具",5000-10000元,岗位职责：1.负责跨境电商平台的产品拍摄和图片后期制作，拍摄，布光，设计，抠图，精修，排版等，有欧美视觉设计经验者优先。2.根据产品特点与运营深度交流设计出独特的产品图片，对视觉整体能够把控。3.服从安排，努力上进，自驱力强，能自我学习。行业经验：1.会使用相机拍摄者，会布光，会基础视频剪辑，会使用AI作图。2.需要有海外审美，和视觉创意经验。3.做出来的图片要有表达能力，有较强的创意思维。4.专...,电子商务,http://jobs.zhaopin.com/CCL1474346230J40756292610.htm,20人以下,2026-01-06 00:00:02
平面设计,成都,四川享迈德供应链管理有限公司,大专,3-5年,"VI设计,包装设计,方案设计",6000-10000元,岗位内容：1. 品牌视觉系统构建与维护（1）负责公司旗下所有品牌的整套视觉识别系统的建立、优化与规范。 （2）设计并更新品牌logo、标准字、标准色等核心元素。 2、行销活动物料设计 （1）主导线上线下行销活动的主视觉设计， 设计并制作企业形象宣传资料，包括但不限于公司画册、产品样本、宣传册、广告海报、DM单页、PPT、视频、社交媒体图文等。 （2）定位和市场需求，负责完成其他平面设计、VI设计、...,货运/物流/仓储,http://jobs.zhaopin.com/CCL1438627130J40852858703.htm,20-99人,2026-01-05 00:04:00
平面设计师,成都,成都恺文文化传播有限公司,大专,3-5年,"PS,AI,CDR",5000-10000元,平面设计师【岗位职责】：1、根据公司项目策划方案完成平面设计及创意；2、要求有大型活动物料设计策划、文创产品设计、画册、文化墙等方面的创意设计经验；3、协助配合项目团队完成部分现场执行；【职位要求】：1.家住温江，具有较强的抗压能力；2.具有平面线下设计工作经验3-5年及以上，有手绘技能者优先；3.责任心强、积极主动、具有良好的沟通能力及团队精神；4.对用户需求有洞察与思考，并对新的设计趋势保持关...,文化艺术/娱乐,http://jobs.zhaopin.com/CC406209080J40816721501.htm,20-99人,2026-01-05 00:00:01
平面/UI设计主管/经理 (MJ017941),成都,杉杉商业集团有限公司,本科,3-5年,平面设计,8000-10000元,投递简历时请附上作品，或将作品发送至邮箱：hr-cd@shanshan-business.com任职要求：1、本科及以上学历，视觉传达、艺术设计等相关专业；2、3年以上广告公司或服务商业体项目设计经验，并有成熟案例；3、熟练运用ai\ps\cdr\c4d\ae等软件；4、具体有较强的创理解力与视觉表现力，对物料材质与工艺有一定了解；岗位职责：1. 广场活动的宣传物料、店铺海报平面设计风格把控确认；...,新零售,http://jobs.zhaopin.com/CCL1241802260J40831506410.htm,1000-9999人,2026-01-04 17:36:10
电商美工设计,成都,成都映特佳科技有限公司,大专,1-3年,"PS,淘宝,天猫,3C数码",5000-10000元,岗位职责：负责线上线下美工的相关工作，积极配合完成各项工作。【1】招线上合伙人。负责淘宝天猫京东店铺装修设计，主图，SKU产品详情页设计，主题活动设计，车图，优惠券链接等。【2】细节控。图片精修，产品卖点文案提炼，会视频剪辑。【3】售前售后客服，熟悉产品上下架和活动提报。岗位要求：【1】人品好，三观正。熟练使用网络工具等相关制图软件。【2】1年以上淘宝，天猫美工经验。【3】电商客服或销售相关经验优...,计算机硬件,http://jobs.zhaopin.com/CC527763180J40800164203.htm,20-99人,2025-12-31 14:54:17
设计业务经理,成都,成都云筑模设计有限公司,大专,3-5年,,6000-10000元,1. 负责销售计划的编制和实施；2. 策划并组织开展市场营销活动；3. 维护客户关系，制定并执行客户服务计划；4. 跟踪市场信息，分析市场数据。任职要求：1.市场营销、商务管理等相关专业；2. 具备良好的沟通、协调能力，具备团队合作精神；5. 具有良好的商业敏感度和洞察力，善于发掘机会，解决问题，达成目标。,房地产开发,http://jobs.zhaopin.com/CCL1200343860J40820055807.htm,20-99人,2025-12-30 14:49:09
美工设计师,成都,四川说到做到教育咨询有限责任公司,本科,3-5年,,8000-10000元·13薪,岗位内容：1. 设计公司各类宣传资料和广告海报，提升公司品牌形象以及市场知名度。2、非常熟悉小红书，抖音，B站，快手，视频号等社交网站的图文，视频要求，并会制作。3. 负责客户宣讲会的PPT演示文稿和视频，在展示中突显产品特点，吸引客户关注。任职要求：1. 具备一定的美术功底，熟练掌握各种设计软件如Photoshop、Illustrator等。2. 对于创意设计有深入的认识，能够从用户需求角度出发...,在线教育,http://jobs.zhaopin.com/CCL1474692890J40628831504.htm,100-299人,2025-12-26 18:24:44
平面设计,成都,瑞合玄武(成都)科技有限公司,本科,3-5年,,5000-10000元,岗位职责：1、独立按时完成项目视觉设计工作，各类活动、合成海报设计、banner设计、活动H5页面、线上线下活动海报、logo设计、插画设计等;2、配合完成素材搜集，短视频拍摄，短视频内容剪辑等工作;3、参与项目的前期头脑风暴及创意构思、用户研究，进行创意、视觉设计工作;任职要求:1、统招本科及以上学历;2、至少2-5年设计工作经验，视觉传达、数字媒体艺术、平面设计等相关专业;3、熟练使用PS、A...,船舶/航空/航天/火车制造,http://jobs.zhaopin.com/CCL1492218330J40781914510.htm,20-99人,2025-12-25 10:16:36
视觉设计师,成都,四川空港国际旅行社有限公司,大专,3-5年,视觉设计,8000-10000元,一。工作内容：你的作品就是公司的门面负责公司的视觉物料设计（如：公众号排版和绘制，文创周边、明信片、路线物料、活动海报、视觉封面、产品详情页设计、网站页面设计等）二。你需要会：1.平面排版：推文和海报排版是最基础的工作啦2.插画手绘：既能画空港UU，也能画绝美风景３.积极学习：有热情、领悟能力强，会举一反三４.保持对潮流和热点的敏感，设计风格年轻有趣，熟知当下流行风格。加分项：优秀的摄影技能三。你...,旅游服务,http://jobs.zhaopin.com/CC342634680J40299842510.htm,20-99人,2025-12-18 15:53:29
平面设计,成都,四川观察合创新媒体发展有限公司,本科,3-5年,"PS,AI,SKetch",8000-10000元·13薪,岗位内容：1. 负责公司形象的平面设计、logo设计、微信公众号设计、app设计等相关工作；2. 设计和制作海报、DM单页、手册、展板等营销宣传资料；3. 参与配合相关部门完成各类需求设计、提供平面设计创意及技术支持。任职要求：1. 熟练掌握设计软件，如Ps、Ai、Id、sketch等，能够独立完成设计任务；2. 具备较好的设计创意及审美能力，对设计趋势和细节敏感，善于将设计语言与商业逻辑相结合；...,新媒体,http://jobs.zhaopin.com/CCL1389471920J40907988515.htm,100-299人,2025-12-16 14:37:46
视觉设计师,成都,北京火山人文化科技有限公司,本科,3-5年,"VI设计,PS,AI",7000-10000元,【岗位职责】 1、负责品牌视觉形象的设计与优化，包括但不限于品牌Logo、VI系统（视觉识别系统）、品牌色系、字体、图形等； 2、设计品牌相关的宣传物料，如海报、H5页面、公众号推文、视频画面、包装设计、线下活动物料等； 3、设计品牌相关产品视觉物料，如密室主题场景物料、门店大厅空间广告、导视设计； 4、协助完成品牌广告创意设计，确保品牌调性在各类传播中的统一性； 5、参与品牌策略制定，深度理解品...,文化艺术/娱乐,http://jobs.zhaopin.com/CCL1496035190J40857849303.htm,1000-9999人,2025-12-12 11:48:33
美工,成都,四川空港国际旅行社有限公司,大专,3-5年,"平面设计,PhotoShop,Dreamweaver",7000-10000元,保底5000奖金 项目绩效奖社保 五险旅游是人们对美好生活的向往 我们要的你是“”技术大拿“” 全职兼职均可负责公司网店美工设计及运营过程中需要美工支持的各方面工作。（必须超级熟练使用PS以及相关软件） 岗位职责： 1.负责公司网店平台及产品和前台制作及改版等工作 2.负责网店产品图片包装、焦点图、专题版面美工等设计工作 3.负责自营网站专题设计工作 4、负责公司其他需要美工表现的工作 5.对网站...,旅游服务,http://jobs.zhaopin.com/CC342634680J40299864310.htm,20-99人,2025-12-18 15:53:11
微课视频设计专员,成都,四川世纪自强教育咨询有限公司,本科,1-3年,"视觉设计,Flash设计,美工,AE,Premiere,3D MAX,动画设计",5000-10000元,岗位职责：1. 负责微课视频的剪辑包装与创意设计，打造生动易懂的可视化教学内容，高效传递知识要点；2. 结合课程目标撰写动画脚本，完成角色、场景的创意设计与制作，适配教学场景需求；3. 与课程讲师深度沟通，精准拆解课程核心要点，将抽象知识转化为直观的视觉与动画语言；4. 统筹微课制作全流程，把控项目进度与质量标准，确保作品按时高质量交付；5. 关注行业前沿技术与设计趋势，持续优化微课呈现形式，提升...,培训/辅导服务,http://jobs.zhaopin.com/CC385993430J40818681309.htm,20-99人,2025-12-11 16:34:18
资深平面设计师（国际教育行业方向）,成都,成都康德世纪教育科技集团有限公司,大专,5-10年,,7000-10000元,【工作职责】1.品牌视觉系统建设负责国际部品牌视觉体系的构建与持续优化，包括VI延展、视觉规范、风格统一等。提供具备国际审美的设计方案，确保品牌形象专业、统一、具辨识度。2.招生宣传 · 数字内容 · 校园文化视觉设计负责招生季与各类市场活动的视觉设计，包括主题KV、宣传物料及广告素材等。为官网、公众号、视频号等社媒提供统一且高品质的视觉内容。支持校园文化与空间类视觉项目，通过设计塑造具有国际教育...,学校/学历教育,http://jobs.zhaopin.com/CC649755020J40813458711.htm,500-999人,2025-12-10 11:31:14
医美平面设计/高级平面设计,成都,成都睿漾再生医疗科技有限公司,本科,5-10年,VI设计,6000-10000元·13薪,岗位职责：1.根据公司品牌战略，负责集团公司及子公司品牌视觉形象的规划、规范管理、并为设计呈现效果负责；2.负责公关类活动全线设计制作及日常运营更新，不限于发布会、行业展会、学术会等大中小型活动；3.负责品牌宣传册、产品画册、产品包材等宣传物料及产品外包装的构思和设计；4.高质量完成产品价值点海报、社交媒体海报等各类视觉物料设计;5.负责品牌及产品品牌整体视觉设计，网络页面的视觉设计和布局设计，对...,医疗设备/器械,http://jobs.zhaopin.com/CCL1411655960J40815556007.htm,100-299人,2025-12-09 16:11:41
品牌设计师,成都,四川唯伴生命科技有限公司,本科,1-3年,"广告设计,排版设计,电商设计,PS,AI,CDR",6000-10000元,岗位名称：品牌设计师岗位职责：1、能够独立完成公司相关宣传资料、广告海报、项目展示图等设计任务；2、具备良好的文字功底，能独立完成公司推广软文的编写；3、对外需对接广告公司沟通制作专项设计方案；4、参与拍摄工作，优化素材，提升素材视觉效果，输出宣传图册、宣传视频；5、负责小红书、抖音等平台的素材设计工作。任职要求：1、两年以上工作经验，本科以上学历，平面设计、美术、视觉传达等相关专业毕业；2、能熟...,互联网,http://jobs.zhaopin.com/CCL1504604860J40855621612.htm,20-99人,2025-12-03 14:13:40
招投标美工专员,成都,四川汇健暖通工程有限公司,大专,1-3年,招投标,5000-10000元,岗位职责：1.负责整体投标文件的编制、排版、打印、装订、封装等工作，并按规定如期完成标书制作；2.熟悉各类电子投标软件，能独立完成投标工作；3.建立投标资料库，做好投标文件整理及存档工作；4.完成领导布置的其他任务；任职要求：1、专科及以上学历，2年以上标书制作工作经验；2、性格开朗，有良好的团队意识，具备良好的沟通能力、理解能力和灵活的变通能力，职业忠诚度高；3、具备良好的文字组织能力，能熟练使...,建筑设备安装,http://jobs.zhaopin.com/CC648758228J90250249000.htm,20-99人,2025-12-03 10:52:49
平面设计,成都,四川天府亨特生命科技有限公司,大专,3-5年,包装设计,6000-10000元,岗位职责：1.负责公司日常宣传、策划设计制作、公司展览会议布置；2.负责公司创意海报设计、营销广告物料设计；3.负责公司网站、活动专题页、banner、推广图等物料设计；4.负责配合公司市场活动进行宣传品设计；5.负责公司PPT模板美化与设计；6.负责维护公司VI手册，为其他部门提供创意支持，提升品牌视觉效果；7.负责与内外部相关角色有效沟通，协调各方资源推动设计高质量落地。任职要求：1.年龄：3...,医院,http://jobs.zhaopin.com/CCL1368852860J40421460204.htm,100-299人,2025-12-02 17:25:27
ui设计师网站美工,成都,上海盛鸣网络科技有限公司,学历不限,经验不限,"网页端,界面设计,交互设计",5000-10000元,职位名称：UI设计师（我们是兼职，暂不考虑实习生、应届生）岗位职责：1. 负责公司产品的用户界面设计工作，提供优秀的设计方案。2. 参与产品的前期界面UI研究、设计流行趋势分析。3. 完成产品界面设计的整体视觉风格设定和UI元素设计。4. 负责产品高保真原型设计和交互设计，确保良好的用户体验。5. 与产品经理和开发团队密切合作，确保设计质量及实现效果。岗位要求：1. 美术、设计相关专业毕业，有良好...,互联网,http://jobs.zhaopin.com/CC298458730J40754041610.htm,20-99人,2025-11-25 09:24:47
资深平面设计师,成都,四川和润高博教育科技有限公司,本科,5-10年,"包装设计,排版设计,电商设计",6000-10000元,岗位职责：1.负责公司品牌形象和业务产品包装的整体视觉设计，包括但不限于网络平面设计、logo设计、VI设计、包装设计、宣传物料设计等。2.与市场部、产品部等部门紧密合作，参与产品策划和营销活动，提供专业的设计支持。3.深入研究公司产品文化和消费者需求，打造独具特色的品牌形象。任职要求：1.本科及以上学历，平面设计、视觉传达设计等相关专业优先。2.5年以上平面设计工作经验。3.具备优秀的平面设计能...,学校/学历教育,http://jobs.zhaopin.com/CCL1511585160J40808504101.htm,20-99人,2025-11-21 10:15:19
排版----不限办公地点 远程支持,成都,言灵无界信息咨询(北京)有限公司,大专,3-5年,"PS,AI,Sketch,界面设计,交互设计,动画动效设计,移动端,网页端",6000-10000元,此岗位为兼职岗位，支持远程办公。 根据项目要求完成交付并结算，可长期兼职合作。报酬丰厚，时间灵活，适合居家办公或有主业的时间灵活人群。 职责多语言文件排版译前译后排版 抽字等,咨询服务,http://jobs.zhaopin.com/CC481983130J40903357215.htm,100-299人,2025-11-14 14:41:41
平面设计师 / 品牌视觉设计师（餐饮方向）,成都,四川汉成商务信息咨询有限公司,大专,1-3年,,7000-10000元,工作职责：1、负责集团旗下品牌的各类平面与视觉设计工作（包含火锅、麻辣烫、炸串、奶茶等业态）；2、参与品牌活动、节日营销、门店促销、社交媒体推广等项目的设计输出；3、负责门店日常物料设计：海报、易拉宝、桌贴、灯箱画、价目表、菜单、包装、会员卡、拍照背景板等；4、参与线上视觉内容设计：公众号、小红书、*********、TikTok等平台的宣传图、封面与活动主视觉；5、配合市场与活动策划团队完成创意,企业服务,http://jobs.zhaopin.com/CCL1445138940J40856955002.htm,20-99人,2025-11-12 10:45:21
纸箱平面设计,成都,成都宏腾包装制品有限公司,学历不限,1-3年,"包装设计,方案设计",8000-10000元,要求：1、从事过纸箱平面设计类优先，精通Photoshop、Illustrator、flash、coreldraw等图形软件2、1年以上水果纸箱平面设计经验，并有个人独立完成的作品；3、对包装设计的纸张、工艺结构、包装结构、印刷工序等后期制作有一定了解；4、善于动脑及研究包装设计，创新能力强5、工作积极主动，具有良好的沟通及协调能力和团队合作精神职位福利：社保、包吃、包住、员工旅游、节日福利,印刷/包装/造纸,http://jobs.zhaopin.com/CZ289305730J00092358902.htm,100-299人,2025-11-11 00:00:02
平面设计师,成都,四川博视远景展览有限公司,大专,3-5年,"PS,CDR,平面设计",7000-10000元,行业属性公关活动，艺术策展，商业策展，商业美陈，文创IP设计，二次元IP设计。工作内容1.负责公司所属项目的平面视觉设计，包括但不限于主视觉设计，视觉延展，品牌设计，IP设计，二次元设计。2.负责公司品牌建设相关的平面视觉工作，包括但不限于品牌vi升级，网推设计排版。能力要求1.设计相关专业，本科、研究生及以上学历，3年以上工作经验，能力超群者可降低工作年限要求。有良好的美学及文化底蕴。2.熟练使...,会议/展览,http://jobs.zhaopin.com/CCL1461977020J40686727209.htm,20-99人,2025-11-10 11:18:43
平面设计,成都,成都扬凌文化传播有限公司,大专,3-5年,"广告设计,海报设计,展板设计,CDR,标志设计,画册设计,文创设计",5000-10000元,"工作内容：1.社区空间文化主题墙设计、文化展示排版（文化墙）设计、海报设计、文创设计及其他线下宣传物料等2.导视VI系统、景观小品、宣传栏设计等3.所有设计的制作文件输出职位要求：1、设计相关专业，大专及以上学历；2、年龄24岁以上，有2年及以上设计（线下）行业相关工作经验，（特别优秀者可凭实力放宽）；3、熟练操作设计相关软件(CDR,PS,AI等等手绘加分)，具有良好的设计触觉与设计审美意识，4...",文化艺术/娱乐,http://jobs.zhaopin.com/CC837527590J00213471508.htm,20-99人,2025-11-07 00:00:02
平面设计师,成都,成都卫讯科技有限公司,本科,5-10年,,6000-10000元·13薪,1、参与公司品牌创意策略的研讨和制定；2、负责公司VI、SI系统建设、维护、执行以及监督:3、负责设计与公司品牌形象一致的通信科技产品与解决方案相关产品包装、手册、单页、产品说明书等视觉文件；4、负责设计与公司品牌形象一致的企业宣传册、技术折页、展会海报、展位设计、KT展板、易拉宝等线上闲下宣传物料的设计与制作；5、负责公司品牌线上线下宣传物料的设计管理、印刷及制作跟进，对视觉物料质量进行把控；6...,通信/网络设备,http://jobs.zhaopin.com/CC307787530J40792844111.htm,100-299人,2025-10-11 10:54:12
文创设计,成都,四川德瑞克体育文化传播股份有限公司,本科,1-3年,"广告设计,包装设计,排版设计,PS,AI,CDR",6000-10000元,岗位职责：1.负责文创项目的组织实施，执行项目的设计及分配工作，整体方案把控，进行过程沟通协调；2.准确把握项目的品牌定位、设计风格，对产品、空间和视觉体系进行把控；3.与团队合作，负责各类平面设计工作（如活动海报、微信微博素材设计等）；任职要求：1. 平面设计、工业设计、产品设计等相关本科专业；具有文创项目或文创产品设计相关经验2. 熟悉相关设计软件，了解体育文旅行业；3. 从事设计行业2年以上...,体育,http://jobs.zhaopin.com/CC455106530J40803882502.htm,500-999人,2025-10-08 00:00:01
平面设计,成都,成都瀚博营销策划有限公司,大专,1-3年,"方案设计,广告设计,排版设计",6000-10000元,任职要求：1、3年以上平面设计经验，有体育赛事、娱乐演出、大型活动相关设计经验者优先；2 负责赛事和活动类主视觉、LOGO、KV（主视觉画面）的设计与定调；3、设计极具冲击力的海报、易拉宝、道旗、户外广告、社交媒体宣传图、H5页面等；4、精通平面相关软件，3d软件精通者优先；5、美术设计类专业，大专学历以上；6、具有创造力，有良好的沟通能力和学习能力；7、积极主动，责任心强，有良好的团队意识；为何...,服装/纺织/皮革,http://jobs.zhaopin.com/CC267200610J40753550216.htm,20-99人,2025-10-07 00:12:40
次世代场景美术师,成都,成都夏尔天逸科技有限公司,大专,1-3年,"游戏场景,Zbrush,次世代,建模,3DMAX,MAYA,3D设计",5000-10000元,工作职责：负责大型3D次时代项目的场景模型和贴图制作；岗位要求：1、美术或游戏设计相关专业毕业，专科以上学历；2、1年以上大型次世代游戏项目经验，具备丰富的项目制作经验，参与过3A级项目制作优先；3、熟练使用MAX/MAYA/ZBRUSH软件，熟悉PBR制作流程； 4、做事认真细致，精益求精，责任心强，具有良好的学习能力，能够不断专研以解决美术表现问题。 职位福利：五险一金、带薪年假、弹性工作、员...,游戏,http://jobs.zhaopin.com/CC710909920J40135014213.htm,1000-9999人,2025-09-23 15:55:20
高级平面设计师（通威传媒）,成都,通威集团,大专,3-5年,"画册设计,展板设计,广告设计,标志设计,品牌设计",8000-10000元,平面设计师岗位职责：1、独立且高质量的完成设计方案，包括但不限于VI系统、书册印刷、活动氛围物料、舞美、UI、海报、展陈美工、美陈、目视化等项目，对设计的画面布局合理、美观程度负责；2、负责与客户对接，沟通项目需求，精准地向客户阐述出设计理念；3、负责展览展示项目后期的平面设计，擅长对材料、灯光、色彩的组合运用及整体效果的搭配；4、配合其他部门对客户的品牌及产品进行创意构思及创作指导。任职要求：1...,新能源,http://jobs.zhaopin.com/CC120939455J90253114000.htm,10000人以上,2025-09-17 08:20:52
平面设计员,成都,四川舞东风超市连锁股份有限公司,本科,经验不限,"排版设计,电商设计,VI设计,CDR,PS",5000-10000元,岗位描述：1、完成公司各类平面设计工作，如线上业务的电子稿，线下DM单、广告物料的设计工作等2、根据档期计划，完成档期宣传物料的进度编排、设计指导、稿件校对、制作跟进3、协助部门内其他工作岗位要求：1、本科及以上学历2、平面设计相关专业，能熟练使用CDR、PS平面设计软件3、工作认真，责任心强4、性格开朗，善于交流5、有较强的抗压能力和应变能力6、有相关工作经验者优先薪酬福利：1、薪资：4800元...,零售/批发,http://jobs.zhaopin.com/CC176635210J40758196911.htm,1000-9999人,2025-09-05 00:12:22
平面设计主管,成都,成都木易堂装饰设计工程有限公司,本科,3-5年,"AI,3D MAX,CDR,设计经理,平面设计,视觉设计,VI设计,标识导示设计",6000-10000元,岗位职责：1、本科及以上学历，平面设计相关专业院校毕业；2、具备设计创意能力，沟通表达能力，独立学习能力和独立完成设计项目能力；3、熟练掌握并运用设计软件，熟练版式设计、插画设计、展示设计、品牌设计；4、具备团队合作精神、服务客户精神，自我成长精神；5、负责公司各类视觉、展示、插画等设计稿件的完成；福利待遇：基本薪酬+社保+提成+年终目标奖励 职位福利：五险一金、绩效奖金、带薪年假、节日福利 职位...,装饰装修,http://jobs.zhaopin.com/CC574775120J40565201907.htm,20-99人,2025-06-23 00:14:02
电商美工设计师,成都,成都富成密胺餐具有限公司,学历不限,1-3年,"淘宝,餐具,PS,AI",6000-10000元,【 西南头部密胺餐具智造平台 诚邀 电商精英加盟 】——用实力托举梦想，以平台成就未来√ 西南酒店密胺餐具行业前三强√ 超5000㎡智能化生产基地+10000㎡现代化仓储中心√ 千平旗舰展厅实景呈现20000+产品矩阵√ 从原料采购到生产交付的一站式产业闭环√ 服务全国10000+酒店客户的成熟供应链体系【 这里是 人才成长特区 】能力加速器：产研销一体化平台 提供全产业链电商实战场景资源价值兑换...,零售/批发,http://jobs.zhaopin.com/CC320277430J40738975105.htm,20-99人,2025-06-04 11:37:29
3D游戏场景美术师,成都,成都麟动科技,大专,1-3年,"写实,ZB,SP,3D MAX,Maya",5000-10000元,一、岗位职责： 1、根据原画设定，制作场景，道具，载具，武器等，高质高效完成产品制作。2、按时提交分配任务二、任职要求：1、专科及以上学历，艺术类相关学历或艺术类相关院校毕业优先（建筑设计，工业设计，动漫/时装设计）2、能独立完成3d模型制作，贴图绘制3、熟练PBR流程4、熟练使用3dmax或maya，ZBrush，Photoshop，Substance Painter 等软件，熟悉Blender...,互联网,http://jobs.zhaopin.com/CC658368720J40701295216.htm,100-299人,2025-04-14 09:04:39
平面设计,成都,四川三康桑城科技集团有限公司,大专,5-10年,"电商设计,排版设计,PS",7000-10000元,大小休 能接受者投递岗位职责：1.负责公司形象设计、产品展示设计、广告图片设计、活动宣传物料设计等相关工作；2.负责与广告公司和其他第三方进行对接，完成各类活动宣传物料的制作，对宣传物料的展示效果进行把控；3.负责公司网站（东方桑城线上商城）、公众号、小程序等线上平台的页面设计及各种专题活动页面设计（H5页面设计）；4.负责公司各类视觉设计的优化更新及公司物料库的建设与更新；5.协助完成公司大型活...,电子商务,http://jobs.zhaopin.com/CCL1459371600J40682637211.htm,20-99人,2025-02-11 11:07:07
包装印刷结构设计师,成都,成都嘉创联和包装制品有限公司,大专,3-5年,"美工,设计师,全职,包装造型设计,包装装潢设计,包装结构设计,塑料包装,纸包装",7000-10000元,职位要求1.结构工程师负责初改版打样订单结构分析及拼版，负责精包、食品及复杂工艺、复杂材料产品报价前材料及工艺审核。2 负责初版、改版、打样订单产品结构分析、刀模图绘制及拼版。3 负责文件制作前小版文件前刀模图绘制。4 负责初版、改版、打样产品中的精包、食品及复杂工艺、复杂材料产品报价前材料及工艺审核及BOM单建立。5 负责产品周转箱计算。6 负责内部打样产品割样及打样跟踪。7 负责新工艺引进的验...,印刷/包装/造纸,http://jobs.zhaopin.com/CCL1436492110J40481562512.htm,100-299人,2024-10-11 13:23:37
平面设计师,成都,四川高迪博展装饰设计工程有限公司,大专,3-5年,"方案设计,排版设计,包装设计",7000-9000元,任职要求：1. 美术、平面设计等相关专业，大专及以上学历；2. 3年以上展馆及文旅相关设计工作经验，熟悉文旅项目设计逻辑与风格，能力优秀者条件可适当放宽；3. 具备良好审美与熟练的排版设计能力，尤其擅长文旅前策PPT排版，对物料、落地工程有丰富经验，能兼顾美观性、可行性及材质厚度、尺寸等细节；4. 热爱设计工作，细心负责，拥有较强的理解领悟能力、沟通协调能力与创造力，能快速适配文旅及展馆不同类型项...,会议/展览,http://jobs.zhaopin.com/CC703845280J40830216405.htm,20-99人,2026-01-09 00:46:22
周边平面设计,成都,成都水月雨科技有限公司,大专,1-3年,"排版设计,电商设计,PS,CAD",6000-9000元,岗位职责1、负责指定的二次元IP，参与周边产品的创意构思、概念设计及细化方案，并完成包括但不限于手办、模型、毛绒公仔、服饰、文具、日用百货、数码配件、收藏卡牌等平面设计。2、负责设计各类印刷品及平面衍生品，如海报、色纸、明信片、收藏卡、纸胶带、标签吊牌等。3、参与产品平面视觉的建立与延展，确保IP视觉风格在不同产品线上统一且富有变化。4、为市场活动、线上店铺等提供相关的平面视觉支持。5、与产品设计...,电子/半导体/集成电路,http://jobs.zhaopin.com/CC510713180J40821391109.htm,100-299人,2026-01-09 00:33:22
平面设计师,成都,成都汉诺会展服务有限公司,大专,3-5年,"广告设计,方案设计,VI设计",6000-9000元,岗位内容：1.负责完成展陈效果图的色彩和平面设计，制作展示PPT；2.负责对材料图、尺寸图进行准确标示；3.负责展馆内外氛围营造，以及相关广告物料、广告宣传品的设计；4.负责根据客户需求，完成项目实施过程中的版面设计和修改；5.协助完成公司品牌宣传。任职条件：1.平面设计、视觉传达等相关专业毕业，大专及以上学历 ；2.熟练使用各类设计软件，具备3年以上平面设计工作经验，有广告设计、展览设计从业经验...,会议/展览,http://jobs.zhaopin.com/CC673756480J40569840212.htm,20-99人,2026-01-09 00:22:01
电商设计,成都,成都玉米可可网络科技有限公司,大专,1-3年,"电商设计,排版设计,淘宝,抖音",6000-9000元,【公司亮点】电商家居行业榜前10，全国各省会及一线城市分布线下实体体验店100多家，成熟的自媒体团队，短视频机构，有专业的前端品牌运营团队及后端客服售后团队，自有工厂，稳定供应链【岗位职责】1.负责品牌相关的视觉设计及排版，包括品牌海报、微信微博、小红书等营销海报、H5、宣传册、产品详情页、电商banner图、大型专题页面、门店DM单、宣传册、活动海报等物料；2.配合品牌相关的VI设计/导视系统设...,电子商务,http://jobs.zhaopin.com/CCL1257763690J40762468003.htm,500-999人,2026-01-08 17:38:07
极速印刷修图师,成都,成都艾狄森新材料有限公司,学历不限,1-3年,,7000-9000元,工作：30分钟内将客户低清效果图/截屏，修复为1.26m×3m印刷级高清文件（CMYK、≥300DPI） - 要求：精通PS+Topaz等AI超分工具，有商业印刷修图经验，能快速出图,建材,http://jobs.zhaopin.com/CCL1516279860J40820338907.htm,20人以下,2026-01-08 13:54:33
平面设计师,成都,成都锦绣智诚产业集团有限公司,大专,1-3年,"广告设计,包装设计,排版设计,PS,AI,CDR,商业,文旅,展陈",7000-9000元,岗位核心职责 1. 品牌视觉设计：负责公司企业品牌宣传全链路设计，涵盖品牌宣传册、品牌视觉形象升级、企业宣传物料等，确保输出符合品牌调性且兼具质感。2. 文旅IP活动设计：主导文化类、艺术类、文旅类IP活动视觉体系搭建，包括主KV设计、活动延展物料（海报、易拉宝、活动手册等）及文创周边设计，打造有记忆点的活动视觉符号。3. 新媒体美工设计：负责微信公众号、小红书、社交媒体等新媒体平台的视觉设计，包...,房地产开发,http://jobs.zhaopin.com/CCL1390666400J40832246310.htm,100-299人,2026-01-07 16:19:42
平面设计,成都,四川佳煜爱来得超市管理有限公司,大专,3-5年,"PS,AI,ID,UI设计、平面设计、品牌设计",7000-9000元,一、职位描述：1、负责公司APP，小程序，H5等各平台的宣传物料的设计，如：界面设计、宣传画册、海报等；2、负责公司对外宣传平台的相关设计，包括自媒体排版设计、长图设计制作、官网设计等；3、负责公司商业项目中所涉及的相关设计板块，配合团队进行创意输出；4、负责小程序、APP交互界面设计；5、公众号等公司文字推广类的材料输出；6、领导交办的其他工作。二、职位要求：1、3年以上平面设计、品牌设计、UI...,新零售,http://jobs.zhaopin.com/CCL1478211120J40795729903.htm,20-99人,2026-01-07 14:01:25
美工设计（劳务派遣）,成都,新希望六和,大专,3-5年,,7000-9000元,岗位职责：1、负责电商平台（淘宝/京东/拼多多/抖音等）店铺整体视觉设计，包括首页、详情页、活动专题页等，确保视觉风格贴合饲料产品属性及养殖用户审美，突出产品卖点。2、完成日常产品主图、辅图及各类促销活动物料设计（如海报、优惠券、Banner、直播间背景、直播贴片等），符合平台规范与行业合规要求。3、配合运营完成素材迭代及供应链对接，确保设计高效落地并还原产品细节。4、配合品牌形象建设，完成线下产...,农/林/牧/渔,http://jobs.zhaopin.com/CC547458120J40896339802.htm,10000人以上,2026-01-06 18:11:03
电商平面设计师,成都,沃文特生物,大专,1-3年,"广告设计,PS,AI,UI设计,电商设计",7000-9000元·13薪,岗位职责：1.负责天猫、京东、居测APP等平台商品海报设计、商城大型活动主页面创意设计、店铺主图、banner、详情页、店面等图片的设计与更新；2.产品图的渲染、修图、调色、排版设计；3.店铺整体视觉优化设计，不断提升店铺视觉效果；4.配合完成公司线上产品宣传、种草类图片设计，以及线上推广活动的执行配合。任职要求：1.大专以上学历，设计类相关专业；2.熟练使用精通Ps、Ai、AE等主流设计软件，掌...,医疗设备/器械,http://jobs.zhaopin.com/CC532733120J40853435313.htm,500-999人,2026-01-05 10:16:45
电商设计师,成都,重庆居测生命健康科技有限公司,大专,1-3年,"天猫,京东,PS,CDR",7000-9000元,岗位职责：1.负责天猫、京东、居测APP等平台商品海报设计、商城大型活动主页面创意设计、店铺主图、banner、详情页、店面等图片的设计与更新；2.产品图的渲染、修图、调色、排版设计；3.店铺整体视觉优化设计，不断提升店铺视觉效果；4.配合完成公司线上产品宣传、种草类图片设计，以及线上推广活动的执行配合。任职要求：1.大专以上学历，设计类相关专业；2.熟练使用精通Ps、Ai、AE等主流设计软件，掌...,医疗设备/器械,http://jobs.zhaopin.com/CCL1486454570J40745299506.htm,20-99人,2026-01-04 22:07:41
设计师（电商设计/包装设计）,成都,四川维德电子商务有限公司,大专,3-5年,"品牌设计,美工,PS,全职,电商设计,排版",7000-9000元,电商设计：1.电商设计经验3-5年（作品优秀可放宽）2.3c 美妆 医疗类目优先考虑3. 主要看重设计师排版能力和设计理解（无建模渲染要求）4.对包装设计有涉猎为加分项包装设计：1.了解各种材料和工艺，如纸张、塑料、玻璃等，掌握相应的加工工艺如印刷、模切、烫金、UV等2.包装设计经验3-5年（作品优秀可放宽）,医疗设备/器械,http://jobs.zhaopin.com/CCL1413757150J40851889313.htm,300-499人,2025-12-25 14:04:40
广告平面设计师,成都,金牛区君澜广告设计服务部,本科,3-5年,"设计师,PS,AI,CorelDRAW,全职,户外广告设计,美工",6000-9000元,招聘平面设计师，懂广告制作业前后期，对接客户 设计方案。跟踪项目直至落地职位福利：创业公司、餐补、弹性工作、带薪年假、无官僚风气、出差补贴,,http://jobs.zhaopin.com/CC280568130J40423191608.htm,,2025-12-15 15:42:54
影视平面设计助理,成都,北京海润星空传媒有限公司,学历不限,经验不限,"VI设计,广告设计,UI设计",5000-9000元,岗位内容：1. 协助设计师完成各类平面设计、产品设计和展示设计等任务；2. 对制作出的视觉效果进行调整、修改与优化；3. 与其他部门合作，协助开发团队提供所需的设计支持。任职要求：1. 具备相关平面设计、UI设计或工业设计专业背景；2. 熟悉Photoshop、Illustrator等主流设计软件，熟练操作Sketch、Figma、Axure等辅助设计工具；3. 熟悉常用的设计原理和风格，有敏锐的...,新媒体,http://jobs.zhaopin.com/CCL1486204930J40858039912.htm,20-99人,2025-12-10 11:36:36
平面设计师,成都,四川大贺实业有限公司,本科,3-5年,"广告设计,包装设计,标识导视设计",5000-9000元,岗位概述：负责将项目策划方案中的平面视觉风格和创意方向转化为落地视觉作品，完成各类广告物料的设计与制作，确保设计符合项目要求。具体职责：1、参与投标项目技术方案策划讨论，为视觉创意概念提供可行性参考意见。2、根据视觉方案进行平面设计与制作。3、及时沟通，确保设计作品符合方案及项目需求。4、对接相关部门和第三方，确保设计落地工艺实现与质量把控。5、收集行业优秀设计案例、紧跟设计趋势，提高设计水平。6...,电子商务,http://jobs.zhaopin.com/CCL1360624350J40739869416.htm,20-99人,2025-12-05 14:55:42
平面设计师,成都,成都安德鲁森食品有限公司,本科,3-5年,"VI设计,广告设计,包装设计,PS,AI,CDR",8000-9000元,岗位职责：1.执行企划部各企划案及活动的广宣品设计，负责品牌各类广宣品设计，包括门店宣传物料、营销活动及专案设计等；2.完成常规产品包装设计、微信公众号推文设计、配合完成线上商城所需的各项设计；3.制作印制转接单并申购设计的广宣品；4.负责公司VI/CI的常规维护（含厂区内）；5.每两周巡店，开展店铺陈列巡查与市场竞品视觉调研；岗位要求：1.24-28岁，美术及广告设计相关专业，本科学历以上；2....,快速消费品,http://jobs.zhaopin.com/CC534023620J40808368907.htm,1000-9999人,2025-11-11 16:38:53
跨境电商视觉设计师（双休）,成都,成都如夏之光科技有限公司,本科,1-3年,"亚马逊,家具,PS,AI,CDR",6000-9000元·13薪,"岗位职责1、负责亚马逊Amazon店铺的视觉设计，独立完成视觉设计的工作；2、负责产品图片与视频与实物的处理和美化、精修；3、配合运营完成各类活动图片制作，包含不仅限首页、主图、推广素材、活动氛围页；4、设计制作、优化产品详情页,提高向消费者视觉传达的有效性、提升产品转化率；5、善于思考,能主动提出视觉优化建议,具有解决问题的能力。岗位要求1、本科以上学历，设计相关专业优先考虑；2、具有良好的美术...",贸易/进出口,http://jobs.zhaopin.com/CCL1485395860J40599630303.htm,20-99人,2025-11-10 10:59:42
平面设计,成都,四川省信泽天扬广告有限公司,大专,1-3年,"包装设计,广告设计,海报设计,品牌设计,画册设计",8000-9000元,1、根据客户的要求，进行创意设计、制作，能够正确理解美术指导的设计表现意图。2、协同文案，将创意从概念通过视觉表现发展为最终的成品。3、熟悉项目工作各阶段状况，与公司相关部门及人员进行积极的工作沟通协调，确保业务工作顺畅。4、配合项目执行及所有成品质量的跟踪工作。 职位福利：五险一金、年底双薪、全勤奖、包吃、带薪年假、定期体检、出国游、周末双休,广告/营销,http://jobs.zhaopin.com/CC196820126J00281307705.htm,20-99人,2025-10-27 00:03:01
平面设计,成都,成都百丽达科技有限公司,大专,3-5年,"UI设计,广告设计,方案设计,AI,PS",7000-9000元,1、根据项目内容进行构思、策划平面与立体形象设计协助2、负责完成项目主视觉创作及相关延展设计3、深刻理解项目需求，结合客户提供的信息，配合项目团队整合、修改、完善项目方案4、服从上级的工作安排，做好本职工作的同时能与同时分享创意与经验5、根据工作中遇到的各种问题总结归纳并提出合理化可行性建议。任职要求：1、大专及以上学历，美术、广告、视觉传达等相关专业2、三年以上相关平面工作经验。3、思维活跃、行...,新媒体,http://jobs.zhaopin.com/CC693761580J40737687101.htm,20-99人,2025-10-16 17:22:09
美术视觉设计师(角色+场景),成都,成都妖妖影视科技有限公司,大专,3-5年,"角色设计,场景设计",7000-9000元,岗位职责：1、参与前期方案讨论，根据客户需求与反馈，出策划案，给出视觉解決方案。项目类型包括但不限于：户外裸眼3D、CG产品广告、IP形象设计、营销方案。2、前期绘画美术线稿，场景设计、动效设计，把控全程美术效果。3、（少量）对接公司内部视觉相关设计需求（海报设计，周边设计、vi设计、宣传物料）；4、风格：美式Q版【云顶之弈】【金铲铲】任职要求：1、本科及以上学历，美术相关专业，包括数字媒体/艺术...,文化艺术/娱乐,http://jobs.zhaopin.com/CCL1495421890J40833185513.htm,20-99人,2025-10-16 10:17:41
视频剪辑运营美工,成都,双流区乔一乔怪味餐厅,大专,1-3年,"视频剪辑,拍摄、宣传图,短视频",6000-9000元,岗位要求：1. 专科及以上学历，专业不限（招实习生），经验不限；2. 熟练掌握至少一种视频以及图片编辑软件，并熟悉视频剪辑、拍摄的基本流程和技术要求。3. 有较好的审美风格，良好的沟通能力并喜欢美食。岗位职责：1. 负责公司产品的相关图片处理，包括产品图片优化、摄影、后期、修图，设计排版；2：协助社交媒体运营：维护品牌的社交媒体账号（私域、公域）、线上平台的运营，提升粉丝量和活跃度。定期发布高质量...,餐饮服务,http://jobs.zhaopin.com/CCL1486244740J40827289004.htm,100-299人,2025-10-14 00:00:01
美术设计,成都,成都百丽达科技有限公司,大专,3-5年,"平面设计,3D设计,PS,AI",7000-9000元,职位描述：1.负责项目美术内容相关的视觉设计工作，精准把控设计成品的交付质量2.能独立完成单独的设计以及相关美化3.与需求团队密切沟通，提供专业的视觉方案并推动落地执行4.熟悉当下热门景区ai ar的视觉风格及走向，具备良好的团队合作意识岗位需求：1.美术类、平面设计类、设计类或相关专业，有相关经验者加分2.具备良好的视觉表达能力，有过硬的平面设计基础和手绘能力，精通PS、AI等主流设计软件3.具...,新媒体,http://jobs.zhaopin.com/CC693761580J40796431301.htm,20-99人,2025-10-15 00:00:01
平面设计,成都,四川德世喜家具有限公司,本科,1-3年,"视频剪辑,PS,AI,CDR,方案设计,排版设计",6000-9000元·13薪,岗位职责1、基础品宣资料设计与制作：主导公司宣传物料和营销工具（如品牌宣传册、产品手册、海报、横幅、名片等）的创意设计、排版及输出，确保品牌一致性；2、基础运营与推广：负责新媒体平台（如微信公众号、抖音、小红书等）的内容策划、设计、发布、后台管理及数据分析，包括图文制作、活动推广和用户互动优化。3、文案策划与作品推广：参与文案撰写、活动策划及设计作品的自我推广，能结合市场洞察制定简单推广方案，提升...,耐用消费品,http://jobs.zhaopin.com/CCL1266524300J40692467012.htm,20-99人,2025-08-27 13:42:33
平面设计,成都,华西伍易健康管理有限公司,大专,3-5年,,6000-9000元,工作职责：1、根据集团策略和营销概念能独立完成个案，充分理解创意意图并准确体现于创意设计中； 2、印刷品设计及印刷跟进（包括图书、宣传册、折页等物）；3、日常运营线上物料的设计（包括banner、落地页、开屏页、H5等）；4、市场推广活动线下物料的设计（包括主KV、海报、易拉宝、礼品周边等）；5、擅长把握各种设计风格，具有独特的创意能力。 任职要求：1、统招本科及以上学历，艺术设计等相关专业；2、...,医美/健康服务,http://jobs.zhaopin.com/CCL1480972240J40663713812.htm,500-999人,2025-03-14 16:52:16
IPTV设计运营（影视中心）,成都,四川新闻网传媒(集团)股份有限公司,本科,经验不限,,6000-8000元,岗位描述：1、负责IPTV平台日常运营的视觉设计，包括开机海报、活动专题页、推荐位、节目封面等；2、对接设计需求，并分解任务至设计团队完成。3、配合运营团队完成内容上架、推荐策略的视觉落地。3、配合完成IPTV项目渠道拓展落地。任职要求：1、35岁以下，本科及以上学历，新媒体运营及IPTV相关从业经验优先考虑;2、具备跟踪热点内容(如热门剧集、体育赛事、少儿节目等)的灵敏度，能够快速产出吸引眼球的...,新媒体,http://jobs.zhaopin.com/CC557230620J40836036414.htm,500-999人,2026-01-11 00:02:20
新媒体运营设计师,成都,成都市成华区易森文化艺术培训学校,本科,3-5年,"VI设计,广告设计,PS,AI,CDR",4000-8000元,工作职责:1.负责公司业务所需的日常视觉设计工作，具有创意水平和工作效率，并能独立完成创意及设计工作；2.设计工作：熟练运用相关设计软件，平面设计师需要熟练掌握PS、Al、CDR、剪映等软件操作，以完成各类设计线下物料任务。3.视觉设计：负责公司或品牌的新媒体平台(如微信公众号、微博、抖音、小红书等)的视觉设计工作，掌握基本的文章排版、活动海报设计等；4.负责日常账号定期更新、运营及维护；5.编写...,培训/辅导服务,http://jobs.zhaopin.com/CC476396510J40868052712.htm,100-299人,2026-01-09 11:14:41
海外平面设计师,成都,成都水月雨科技有限公司,本科,1-3年,电商设计,5000-8000元,工作职责：1、负责日本电商平台（Amazon、乐天、雅虎购物等）的视觉设计，包括商品主图、详情页、A+ 页面、活动海报等；2、根据日本市场审美和消费者习惯，优化产品视觉表现，提高点击率与转化率；3、负责日本线下产品包装、宣传册、POP物料、展示架、展会物料等平面设计；4、与市场、销售、产品团队紧密合作，确保设计内容符合品牌调性及日本市场需求；5、关注日本设计趋势，定期提出品牌视觉优化建议； 任职要...,电子/半导体/集成电路,http://jobs.zhaopin.com/CC510713180J40801308609.htm,100-299人,2026-01-09 00:29:41
平面设计师,成都,成都市检验检测认证协会,大专,经验不限,"方案设计,PS,CDR,3D MAX",6000-8000元,岗位内容：1. 独立完成各类平面设计、产品设计和展示设计等任务；2. 对制作出的视觉效果进行调整、修改与优化；3. 与其他部门合作，协助开发团队提供所需的设计支持。任职要求：1. 具备相关平面设计、UI设计或工业设计专业背景；2. 熟悉Photoshop、Illustrator等主流设计软件，熟练操作Sketch、Figma、Axure等辅助设计工具；3. 熟悉常用的设计原理和风格，有敏锐的审美观...,专业技术服务,http://jobs.zhaopin.com/CCL1467609430J40826054309.htm,20-99人,2026-01-08 18:32:11
平面设计师,成都,四川翌牛电子商务有限公司,大专,1-3年,门店装修设计,6000-8000元,岗位职责： 1、负责实体店装修风格设计，包括空间布局、视觉陈列、装饰元素设计，输出平面图、效果图及施工指导文件； 2、策划并设计线下活动宣传物料（如海报、传单、展架、易拉宝等），确保与品牌调性一致； 3、完成电商平台产品图片设计，包括产品主图、详情页、活动Banner、促销专题页等，提升视觉转化率 ； 4、维护品牌视觉统一性，优化企业VI系统（Logo、配色、字体等）。 5、配合市场部、运营部需求...,零售/批发,http://jobs.zhaopin.com/CCL1495649650J40814272301.htm,20-99人,2026-01-08 14:32:27
资深平面设计,成都,四川精石数字信息技术有限公司,大专,1-3年,"展板设计,画册设计,界面设计,品牌设计,标志设计,广告设计",5000-8000元,"岗位要求1、广告、美术、平面设计等相关专业大专以上学历，具有2年以上平面设计经验 ，会开车。2、有独立的创意及构图能力，对色彩和客户需求把握准确。3、能熟练使用能熟练运用DeepSeek、photoshope、coreldraw、Illustrator等相关平面设计软件。4、有扎实的美术功底,良好创意思维和理解能力，对客户需求把握准确。5、有较好的沟通协调能力和配合精神，并且有高度责任心，能承受较...",房地产开发,http://jobs.zhaopin.com/CC130563574J00500401206.htm,20-99人,2026-01-08 09:22:07
线下物料设计（食品）,成都,铁骑力士食品有限责任公司,本科,3-5年,"广告设计,包装设计,PS,AI,ID",6000-8000元,岗位职责1、品牌视觉设计与管理：负责集团品牌线下视觉体系的建立与维护，包括但不限于Logo、VI系统（视觉识别系统）的延展与应用，确保所有线下触点视觉风格的统一、专业及前瞻性 ；2、线下宣传物料全流程设计：独立完成市场推广所需的各类线下物料创意设计，如产品海报、宣传册、易拉宝、展架、展板、终端陈列道具、促销礼品包装、DM单页等 ；3、展会与活动视觉支持：负责集团大型展会、产品发布会、品牌活动等项目...,农/林/牧/渔,http://jobs.zhaopin.com/CCL1312731970J40819611111.htm,10000人以上,2026-01-08 08:54:15
排版设计,成都,言灵无界信息咨询(北京)有限公司,本科,1-3年,"ILLASTRSTER,ABBYY,Trados,AI,ID",6000-8000元,多语言项目本地化 排版设计岗位职责：1、负责各类语言项目送翻前、翻译后的的格式转换、译前处理、译前的QA检查。---按照本地化项目需求交付2、、负责各类语言项目中的询盘工作，字数统计，询盘分析。3、负责采用Trados等CAT工具和其他类的软件，进行重复率的分析和翻译字段的抽取和锁定等工作。4、熟练运用Word、abbyy办公软件进行文字排版处理；5、熟练运用Adobe Photoshop或Ado...,咨询服务,http://jobs.zhaopin.com/CC481983130J40911042115.htm,100-299人,2026-01-08 01:42:01
平面设计师,成都,成都乐家爱格商贸有限公司,本科,3-5年,设计师,6000-8000元,"关于我们我们始于2004年，是高端进口板材与五金系统的整合专家。21年来，我们以专业与匠心服务高端定制市场，旗下代理品牌：•意大利可丽芙 - 被誉为""板材界的爱马仕""•土耳其卡斯托莫 - 土耳其第一，欧洲第三的板材巨头•意大利IF五金 - 全球顶级功能结构五金代表。•同步配套百隆、海蒂诗、萨利切等进口品牌五金。现因战略发展需要，组建全新线上运营团队，诚邀一位优秀的平面设计师加入，共同开创线上业务新...",贸易/进出口,http://jobs.zhaopin.com/CC578986220J40822199310.htm,20人以下,2026-01-06 13:30:17
电商美工设计运营专员,成都,成都镭亚智能科技有限公司,大专,1-3年,"视觉设计,平面设计,PS,AI,AE,淘宝,京东,拼多多,食品",4000-8000元,岗位职责1.负责淘宝、京东、拼多多、抖音等主流电商平台的店铺视觉搭建，包括首页装修、产品详情页、主图（白底图/场景图）、活动海报、优惠券/弹窗等物料设计，确保视觉风格统一且符合品牌调性，同时满足平台规则要求；2.配合平台大促（618、双11、日常活动）及店铺营销计划，输出活动页面、推广图（直通车/信息流）、短视频封面/剪辑（基础）等物料，保障活动按时上线；3.跟踪设计物料的投放效果（点击率、转化率...,计算机软件,http://jobs.zhaopin.com/CCL1513067170J40819105911.htm,20-99人,2026-01-06 11:42:57
平面设计师/网页设计师,成都,四川觉晓科技有限公司,本科,1-3年,"PS,AI,DW,平面设计",6000-8000元,岗位职责：1. 设计公司彩页资料、邮件营销物料。2. 负责公司形象设计。3. 制作社交媒体物料。4. 设计并优化公司网页。岗位要求：1. 熟练掌握平面设计及网页设计相关软件。2. 具备良好的审美观和创意能力。3. 有一定的工业过滤设备或计算机软硬件行业设计经验者优先。,专用设备制造,http://jobs.zhaopin.com/CC313726930J40830119414.htm,20人以下,2026-01-06 01:39:37
美工,成都,香格里拉大酒店（成都）有限公司,大专,1-3年,,6000-8000元,岗位职责1、按照公司的政策和标识，运用软件创建和设计传单、海报、画册、指示牌等；2、负责酒店的摄影工作，包含图片拍摄，视频拍摄剪辑，及作品的分类存档；3、负责与印刷厂联络和协调印刷册子、传单和艺术品，控制所有印刷品的数量和库存；4、协助市场传媒部经理的相关事宜。岗位要求：1、良好的中英文口语及书写能力2、至少两年以上国际连锁酒店同等岗位工作经验3、熟练运用平面设计软件，如：PS、AI、CorelD...,餐饮服务,http://jobs.zhaopin.com/CC130494590J40834930114.htm,500-999人,2026-01-05 14:35:48
便利店平面设计专员,成都,美宜佳(四川)便利店有限公司,本科,1-3年,"广告设计,标识导视设计,排版设计,PS,AI,ID",6000-8000元·13薪,岗位职责：1、便利店促销活动视觉设计：负责设计档期促销活动的宣传物料，包括但不限于店内海报/吊旗/地贴/收银台贴/堆头围板/货架插卡/促销价签/DM册；负责新店开业、区域店庆现场以及店内广告物料、场景物料、营销物料设计；2、便利店品牌视觉统一性维护与执行：严格执行美宜佳品牌视觉识别系统（VI），确保所有线上线下物料（包括但不限于促销物料、门店装饰、包装、线上平台）在色彩、字体、logo使用、版式风...,零售/批发,http://jobs.zhaopin.com/CCL1295883730J40818728411.htm,100-299人,2026-01-05 09:01:56
品牌设计师,成都,成都物语工业设计有限公司,本科,3-5年,"方案设计,VI设计,包装设计,C4D,CDR,AI",6000-8000元,职责描述：1.制定并执行品牌视觉形象设计策略，包括LOGO、VI系统、品牌色彩、字体规范等，确保品牌视觉的一致性和独特性。2.进行品牌相关物料的设计与开发，如宣传册、海报、展览展示、产品包装等，提升品牌形象和识别度。3.文创设计、IP设计有深度涉猎。4.独立设计客户网站、PC、移动端的整体视觉设计，包括UI界面、banner、icon、活动专题、营销素材等设计制作。5.微信公众号及日常手绘配合。 ...,汽车研发/制造,http://jobs.zhaopin.com/CC340305580J40803381701.htm,20-99人,2026-01-04 10:59:49
平面/文案/视频,成都,四川金澜科技有限公司,大专,1-3年,"PS图像处理软件,公众号运营,文案创作,视频剪辑,策划,电子商务",6000-8000元,岗位职责1.负责公司的日常美工、平面、小视频剪辑工作；2.负责公司网站内容的更新与维护，产品推广的图片收集、文案撰写；3.负责公司产品PPT、彩页手册制作；4.负责公司微信公众号、官方网站、抖音、小红书等网络平台的推广、运营和维护；5.本岗位是一个综合性的岗位，含部分行政工作，能主持者可加分。任职要求:1.大专及以上学历，2年以上相关工作经验;2.具有较强的文字功底，有优秀的文案编辑、组织、整理和...,专用设备制造,http://jobs.zhaopin.com/CCL1379412000J40402012304.htm,100-299人,2026-01-04 00:00:01
平面设计师,成都,四川宜蓓康品牌管理发展集团有限公司,大专,3-5年,"VI设计,UI设计,包装设计,PS,CDR,C4D",6000-8000元,岗位归属：集团人才教育公司——四川宜蓓康铂睿教育管理有限公司 岗位名称：医学教育项目主管 所属部门：学术培训事业部 汇报对象：医学教育事业总监 一、岗位职责1、负责公司学术会议、教育项目的平面设计工作。包括不限于活动宣传海报、会议活动平面物料、会议手册、线上宣传与活动图片等。2、负责公司品牌的相关平面设计工作。包括不限于公司或客户的品牌视觉形象相关VI，如LOGO、PPT、画册等，保持品牌形象的统...,投资/融资,http://jobs.zhaopin.com/CCL1515694620J40832172114.htm,20-99人,2025-12-31 16:08:20
外卖平台美工平面设计餐饮店铺装修【线上兼职】,成都,海宁米晗文化传播有限公司,学历不限,经验不限,各大外卖平台平,6000-8000元,【工作内容】负责线上各大外卖平台店铺美工平面设计，包括店铺首页、菜品展示页、促销活动页、促销海报、广告图、优惠券等页面的设计与排版布局、一比一搬运图片、外卖菜品图片的精修处理，吸引顾客进店浏览与下单。会外卖店铺整体运营搭建更佳。 【以上工作内容：会1项或多项即可兼职】 【工作时间】时间不限，利用自己空余时间，有时间才来接单，不强制接单 A、可专职线上接单：单量稳定，多劳多得，长期稳定大单 B、也可...,IT服务,http://jobs.zhaopin.com/CCL1475319280J40820202807.htm,20-99人,2025-12-31 11:55:54
ppt设计师,成都,成都创见先行广告有限公司,大专,1-3年,"设计师,方案设计,UI设计,PS,AI,3D MAX,平面设计",6000-8000元,"岗位职责:1.负责制作和设计PPT演示文稿2.根据项目需求，进行PPT内容的创意和制作3.与团队合作，确保PPT设计符合项目要求任职要求:1. 有一年以上平面版式设计经验，熟练掌握PowerPoint, PhotoShop等设计软件2. 具备平面设计教育背景，熟悉欧美平面设计风格3. 具备良好的审美能力、创意思维，注重细节3. 工作踏实认真，责任心强，能够高效协作，确保项目按时完成4. 有留学经历...",广告/营销,http://jobs.zhaopin.com/CC381516710J40844190112.htm,20-99人,2025-12-30 21:46:12
平面设计+视频剪辑（青羊万达）,成都,四川艾尚美生物科技有限公司,大专,1-3年,"PS,AI,广告设计,包装设计,电商设计",5000-8000元,岗位信息工作地点：青羊万达上班时间：9:00-18:00，月休4天薪资待遇：试用期前3个月底薪4000元；转正后底薪4500-5000元+绩效500元+业务提成，综合薪资5000-8000元任职要求年龄24-30岁，具备良好的审美能力和设计思维熟练掌握PS、AI等平面设计软件，能独立完成宣传物料制作具备基础拍摄能力，会使用拍摄设备捕捉门店优质素材，有相关设计/拍摄经验者优先沟通配合度高，能快速响应...,美发/美容/保健,http://jobs.zhaopin.com/CCL1510338440J40891824102.htm,20人以下,2025-12-29 17:07:46
电商美工平面设计【线上兼职】,成都,海宁米晗文化传播有限公司,学历不限,经验不限,"淘宝,京东,拼多多",6000-8000元,【工作内容】承接：平面设计业务、电商详情页设计，主图设计、画册设计、包装设计等业务 【工作时间】时间不限，利用自己空余时间，有时间才来接单，不强制接单 A、可专职线上接单：单量稳定，多劳多得，长期稳定大单 B、也可兼职线上接单：学生、应届生、已参加工作的等有空余时间，想要兼职赚钱的任何人 【兼职要求】需有相关设计经验（无任何经验小白勿扰） 【工作地点】不限，在家就行（有电脑网络即可线上接单）,IT服务,http://jobs.zhaopin.com/CCL1475319280J40820202407.htm,20-99人,2025-12-31 11:53:43
平面设计师,成都,尚玥(四川)新材料科技有限公司,本科,1-3年,广告设计,5000-8000元,1、有设计、美术等相关专业本科及以上学历 2、熟练掌握各类设计软件，如Adobe Photoshop、Illustrator、InDesign等3、 具有高水平审美能力，能独立完成设计创造。4、了解网站、微信公众号、抖音、小红书等媒体平台的运营，并能完成相关平面设计的工作。5、熟悉平面设计领域的相关工艺和材料，如印刷、喷绘、包装设计等。6、优秀的沟通协作、执行能力、团队合作意识1 有2-5年以上的...,新材料,http://jobs.zhaopin.com/CCL1491258140J40712936510.htm,100-299人,2025-12-28 00:27:42
线上商城设计师,成都,成都悠然云尚商贸有限公司,大专,1-3年,"设计师,视觉设计,食品,PS,AI,小程序商城",5000-8000元,设计岗位招聘需求：(1)负责公司各类宣传图片、海报、banner等视觉设计工作(2)独立完成宣传视频、短视频的剪辑与后期制作(3)配合营销团队完成创意视觉内容的策划与执行(4)参与品牌视觉体系的建立与维护(5)根据项目需求，按时保质完成设计任务,快速消费品,http://jobs.zhaopin.com/CC819457490J40815992701.htm,20-99人,2025-12-27 10:24:31
本地化项目专员,成都,言灵无界信息咨询(北京)有限公司,本科,1-3年,"ILLASTRSTER,ABBYY,Trados,AI,ID",6000-8000元,排版工程师岗位职责：1、负责各类语言项目送翻前、翻译后的的格式转换、译前处理、译前的QA检查。---按照本地化项目需求交付2、、负责各类语言项目中的询盘工作，字数统计，询盘分析。3、负责采用Trados等CAT工具和其他类的软件，进行重复率的分析和翻译字段的抽取和锁定等工作。4、熟练运用Word、abbyy办公软件进行文字排版处理；5、熟练运用Adobe Photoshop或Adobe Illus...,咨询服务,http://jobs.zhaopin.com/CC481983130J40909169915.htm,100-299人,2025-12-26 01:42:15
电商美工5-8K,成都,四川阔展物流有限公司,学历不限,1-3年,"淘宝,天猫,京东",5000-8000元,主要职责1.视觉设计：负责电商平台（如抖音、淘宝、拼多多等）店铺的整体视觉形象设计与维护，包括首页、详情页、活动页等页面的设计与制作。 2.产品图片处理：对产品进行后期处理，包括修图、调色、排版等，确保产品展示效果符合品牌形象和销售需求。 3.店铺装修：设计和优化店铺的布局，确保风格统一、导航清晰，提升用户的购物体验。 4.广告图设计：参与策划和执行各类促销活动、节日活动的创意设计，包括海报、宣传...,货运/物流/仓储,http://jobs.zhaopin.com/CC645510420J40743623106.htm,500-999人,2025-12-25 09:45:43
平面设计师,成都,成都市俊美卫生用品有限公司,大专,1-3年,"电商设计,包装设计",7000-8000元,"1.岗位职责 参与创意策划，独立完成画册，包装等项目的视觉落地。协同团队完成多版本设计，确保输出质量与失效性。 2.任职要求 熟练使用photoshop ,lllustrator,lnDesign等设计软件，掌握版式设计，色彩搭配原理，具备品牌设计经验者优先。审美在线，注重细节，具备良好的沟通和抗压能力。 3.福利待遇 社保 餐补 带薪休假 各种福利等。",快速消费品,http://jobs.zhaopin.com/CCL1294853860J40834275805.htm,20-99人,2025-12-25 09:31:40
平面设计师,成都,成都菲力广告有限公司,大专,3-5年,,4000-8000元,菜谱、菜单、画册、DM单，海报，LOGO设计等设计与创新。1、美术、平面设计相关专业，有相关的工作经验；2、熟练使用corelDRAW.Photoshop.AI等常用设计制作软件；3、具备良好的美术基础，良好的创意构思能力；4、能够清晰阐述作品并独立完成设计项目；5、设计概念强，具有视觉审美能力和独特创意思维，并且有出色的提案能力和沟通技巧；6、良好的文字表达能力，思维敏捷；7、工作认真，有责任心...,广告/营销,http://jobs.zhaopin.com/CZ269137910J00071251608.htm,20-99人,2025-12-21 00:09:42
平面设计师,成都,四川明欣药业有限责任公司,本科,3-5年,"电商设计,排版设计,海报设计,PS,AE,3D MAX",5000-8000元,工作内容1、负责公司各类平面广告、物料的设计，包括品牌海报、营销海报、新媒体运营平台相关海报物料的设计及优化；2、结合产品特性，负责修图、设计、排版，制作创意详情页，活动图片、海报、网页等，擅于用图文设计表达产品的卖点和亮点；3、参与公司宣传渠道的规划、策划及实施、通过创新的设计语言，为产品及公司形象塑造建立更具竞争力的视觉形象。任职要求：工作经验：3年及以上平面设计工作经验，落地品牌案例多的优先...,医药制造,http://jobs.zhaopin.com/CC120987770J40620409311.htm,500-999人,2025-12-17 00:00:02
平面设计,成都,成都壹佰科技有限公司,大专,3-5年,"PS,CDR,AI,排版设计,广告设计",6000-8000元,薪资：6-8K，大、小休、六险一金工作内容1、负责视觉设计工作，涵盖产品海报、品牌延展物料（如 VI 应用、宣传册、包装等）的创意与落地，确保设计符合品牌调性且具备市场吸引力；2、独立完成书籍装帧设计，包括排版、封面创意、内页版式优化等，兼顾视觉美感与阅读体验；3、精准把控产品修图质量，完成产品图片的精修、调色、合成等工作，呈现高品质视觉效果；4、参与网页界面（如官网、专题页、活动页面等）的视觉创...,金属制品业,http://jobs.zhaopin.com/CC647625780J40757751309.htm,500-999人,2025-12-16 17:23:44
平面设计师,成都,成都菲力广告有限公司,学历不限,3-5年,"广告设计,CDR,海报设计,画册设计,字体设计,标志设计",4000-8000元,岗位职责: 了解客户的设计需求 协调沟通客户的设计效果 保证每个设计作品的高质量体现 确保所完成设计成品完美展现 提高每个客户的满意度 任职要求 熟练使用cdr，ps等平面设计软件 亲和力强， 善于沟通协调， 团结同事，团队意识强 主人翁精神，奉献意识。 职位福利：社保、全勤奖、节日福利、年终奖金,广告/营销,http://jobs.zhaopin.com/CC269137910J40003907801.htm,20-99人,2025-12-20 00:09:41
平面设计师,成都,成都玖立方商贸有限公司,大专,1-3年,,6000-8000元,岗位职责： 1、根据公司品牌方需求，能高效率、高质量地提供符合要求的创意文案及视觉表现的设计创作。 2、独立完成沟通并解决设计过程中的问题。 4、负责公司宣传推广物料的落地工作，以及后期产品宣传图、宣传视频的剪辑等。 4、负责公司线下活动物料的设计，对接广告制作、印刷公司等，以确保最终物料的效果呈现。 5、负责线上运营平台（公众号、小红书等）的文案撰写、文章排版、banner设计、长图设计等等。 ...,快速消费品,http://jobs.zhaopin.com/CC669445820J40826207805.htm,20-99人,2025-12-16 00:00:03
新媒体美工/视频编辑,成都,四川兴合众国际贸易有限公司,大专,1-3年,"阿里巴巴国际站,汽车",5000-8000元,职位详情经验要求：1-3年 学历：大专及以上岗位职责：1. 设计并制作符合品牌调性的视觉素材，包括但不限于海报、banner、推广页面等；2. 制作和剪辑短视频，提升品牌形象和产品展示效果；3、与公司运营团队协调沟通，优化内容策略与视觉效果；4、与团队协作，提升用户互动与参与度，增强社区活跃度。任职要求：1、熟悉TikTok、Youtube等视频平台内容的设计与优化；2、具备基础的美工技能，熟练使...,贸易/进出口,http://jobs.zhaopin.com/CCL1503182200J40830641014.htm,20-99人,2025-12-15 16:53:13
平面广告设计,成都,成都菲力广告有限公司,学历不限,1-3年,"CDR,广告设计,画册设计,标志设计,字体设计,书籍设计",4000-8000元,技能要求： 广告设计，CDR，海报设计，画册设计，字体设计，标志设计 岗位职责: 了解客户的设计需求 协调沟通客户的设计效果 保证每个设计作品的高质量体现 确保所完成设计成品完美展现 提高每个客户的满意度 职位福利：社保、全勤奖、节日福利、年终奖金,广告/营销,http://jobs.zhaopin.com/CC269137910J40018377201.htm,20-99人,2025-12-20 00:06:41
美术编辑,成都,成都杂志铺信息技术有限公司,本科,1-3年,图书美编,6000-8000元,岗位职责： 1.负责少儿类图书的排版设计，能把控整体的美术风格； 2.与编辑团队合作，确保图书内容与视觉设计相匹配； 3.与插画师合作，确保插画和设计元素的质量与风格统一； 4.能根据图书内容和目标读者群体，设计适合的图表和信息图； 5.图书制作完成后，负责与印厂的印前对接工作，包括印刷文件的检查、整理和发送等； 6.图书上市后涉及宣传页面制作，包括网络专题页面、详情页、海报、立体图等设计工作； ...,互联网,http://jobs.zhaopin.com/CC679000020J40636395008.htm,100-299人,2025-12-12 01:21:31
平面设计专员,成都,瑞河(重庆)新能源科技有限公司成都分公司,大专,1-3年,平面设计,5000-8000元,"岗位职责：1、视觉物料设计与制作：高效、高质量地完成各类海外电商平台（如Amazon, eBay, Shopify, TikTok Shop等）所需的日常设计物料，包括但不限于：主图、详情页、A+页面、品牌旗舰店首页、广告Banner、促销海报、信息图表等。根据海外市场的营销节点（如黑五、网一、圣诞季等）和推广活动，设计相应的主题活动页面和宣传素材。制作社交媒体（Facebook, Instagr...",新能源,http://jobs.zhaopin.com/CCL1511879670J40815293607.htm,20-99人,2025-12-08 10:55:35
平面设计,成都,成都菲力广告有限公司,大专,1-3年,"排版设计,广告设计",4000-8000元,有试用期（0-30天根据掌握程度），工资基本工资加提成（转正后预计4000-8000不封顶）社保+周末大小周+国家法定假日职责：餐饮企业菜谱、LOGO设计；企业宣传资料的设计与创新。要求：1、美术、平面设计相关专业，有相关的工作经验；2、熟练使用corelDRAW.Photoshop.AI等常用设计制作软件；3、具备良好的美术基础，良好的创意构思能力；4、能够清晰阐述作品并独立完成设计项目；5、设...,广告/营销,http://jobs.zhaopin.com/CZ269137910J00058497208.htm,20-99人,2025-12-19 00:02:21
设计师,成都,四川大贺实业有限公司,大专,1-3年,广告设计,4000-8000元,任职要求：1.本科及以上，平面设计专业毕业，能熟练使用设计软件及办公软件；2.有1-3年以上相关岗位工作经验。3.具备一定对广告的审美观及评判能力；4.有较好的沟通、协调能力，细致、负责的工作态度，具备团队思维；5.掌握一定的美术设计、制作技能；6.能长期胜任此职位，能适应加班工作；7.能独立完成平面设计工作，能承受工作压力，有上进心，有尽业精神，有职业操守。职位福利：购买五险，绩效奖金，加班补助...,电子商务,http://jobs.zhaopin.com/CCL1360624350J40618446416.htm,20-99人,2025-12-05 14:56:36
电商美工,成都,成都因陀罗网络科技有限公司,本科,1-3年,"PS熟练，工作效率,PS,PR,剪辑视频软件如剪映,速卖通,亚马逊,独立站,玩具",5000-8000元,岗位：电商美工职责：产品图，A+页，Banner广告图设计.需求：本科以上，工作经验一年以上，精通PS，抠图快，修图快。精通短视频剪辑。双休，早九晚六，五险一金。,互联网,http://jobs.zhaopin.com/CC369366230J40495962206.htm,20-99人,2025-12-04 00:00:01
